-0.204 0.365 3.066 -3.990 -3.975 31.314
0.257 -0.200 3.443 0.000 -3.000 35.900
-0.523 -0.200 3.134 3.490 -3.000 34.694
-0.364 -0.200 3.269 3.534 -3.552 39.960
-0.387 0.628 3.704 0.000 -3.000 36.331
-0.281 -0.200 2.933 -3.595 -3.187 35.900
0.000 0.231 3.935 0.000 -4.208 33.284
-0.764 -0.161 3.370 2.182 -6.636 35.900
-0.476 0.044 3.514 -3.706 -3.000 36.747
0.000 -0.200 2.884 1.124 2.531 39.291
2.770 0.148 3.062 2.365 -2.911 38.820
-0.645 0.002 3.294 2.578 -5.104 38.001
0.000 -0.168 3.581 3.043 0.414 35.900
0.696 -0.932 3.370 -3.276 -1.685 36.448
0.694 0.709 3.370 3.379 -0.463 32.551
0.000 -0.563 3.370 0.000 3.342 31.635
0.924 -1.444 3.318 0.000 -3.000 35.900
0.010 -0.212 3.500 3.051 -3.000 41.324
-0.602 -0.839 3.289 3.060 -3.000 30.327
0.720 -0.584 2.860 4.134 -7.519 35.900
-1.557 -0.037 3.161 -1.954 2.100 29.357
0.000 -0.431 3.733 -0.980 -3.000 35.900
0.100 -0.142 3.406 -3.433 6.524 36.561
-0.620 -0.200 3.370 4.463 -3.270 39.625
0.000 -0.200 2.973 0.000 -10.382 37.310
-0.633 -0.200 3.370 2.892 -3.000 35.900
0.757 -1.216 3.207 0.000 -5.800 31.596
0.000 -0.989 3.118 0.000 5.541 37.621
1.037 -0.432 3.473 5.160 7.635 35.900
0.000 -0.200 3.370 3.663 -3.000 35.900
-0.842 -0.396 3.572 0.000 -16.642 36.337
0.000 -0.213 3.385 0.566 -9.821 35.900
-0.143 -0.200 3.370 0.000 -3.000 35.900
-0.174 -0.301 3.528 0.000 2.460 33.092
0.317 0.279 3.157 -2.499 -8.606 41.452
0.000 -0.200 3.477 0.000 -3.000 35.900
0.000 -0.685 3.760 0.000 -10.416 32.940
-0.660 -0.350 3.615 5.254 1.402 35.900
-0.561 -0.104 3.370 0.000 -3.000 36.561
-0.148 0.494 2.978 2.549 3.010 40.205
0.590 -0.215 3.370 0.000 2.345 35.900
0.000 -0.422 3.268 0.000 2.562 35.900
0.798 -0.444 3.370 0.702 -3.000 34.253
0.000 -0.200 3.511 0.000 -3.000 35.900
0.261 -0.163 3.280 4.627 -9.908 37.134
-0.451 -0.200 2.999 6.976 -1.923 32.407
0.544 -1.092 3.969 2.361 1.086 33.337
0.000 -0.200 3.370 -5.386 -3.000 35.900
0.616 0.575 3.241 1.251 8.725 33.071
1.063 -0.200 3.250 2.069 -4.443 37.832
-0.384 -0.200 3.318 0.000 -3.000 39.838
1.234 0.491 2.902 -3.856 -6.189 28.645
-0.927 -0.435 3.280 3.475 -8.232 35.900
-0.313 0.103 3.470 1.338 -6.546 49.331
0.904 0.293 3.350 -4.299 -4.862 36.321
0.729 -0.200 3.711 5.051 1.938 37.073
0.106 -0.617 3.552 0.000 -0.788 31.852
-0.188 -0.858 3.282 -3.019 11.887 27.335
0.234 -0.593 3.447 -3.481 8.928 35.900
-0.083 -0.215 3.370 -0.685 -10.090 31.362
0.826 -0.974 3.112 0.000 -1.618 30.487
-0.500 -0.494 3.738 -1.942 -3.000 39.237
0.000 0.231 3.908 6.375 -5.659 35.900
-0.322 0.228 3.617 0.000 -3.000 35.900
-0.076 -0.006 3.370 0.000 -3.000 35.900
0.000 -0.347 3.633 0.000 -8.228 42.135
0.000 -0.200 3.370 4.619 -3.000 35.900
-0.840 -0.361 3.045 0.000 -8.199 30.805
-1.131 -0.200 3.370 0.000 -3.000 35.900
-0.437 0.114 3.387 2.853 -3.000 35.900
0.000 -0.800 3.422 0.791 -8.601 35.900
-0.403 -1.272 3.731 9.377 -0.475 35.900
0.254 -0.359 3.239 0.000 -3.000 35.900
1.741 -0.200 3.370 0.000 -6.336 38.669
-0.978 -0.768 2.661 -8.790 -5.297 33.627
0.000 -0.393 3.411 -3.589 -3.000 35.900
-1.365 -0.230 3.479 -6.768 -9.974 32.086
-0.136 -0.491 3.370 0.000 -3.000 35.900
-0.314 -0.028 3.370 5.972 -3.000 45.511
0.860 -0.588 3.370 0.000 -3.000 34.240
-0.023 -0.686 3.649 2.086 -3.000 36.820
-0.522 -0.200 3.153 -8.651 1.987 39.284
0.107 0.568 3.443 -5.509 4.053 33.871
0.709 -0.764 3.571 -3.558 3.530 35.427
0.000 -0.294 3.370 0.000 -0.677 32.937
-0.417 -0.489 3.692 0.000 -1.207 36.573
-0.528 0.162 3.171 0.000 7.454 35.900
0.534 -0.200 3.596 0.000 -4.543 38.791
-0.962 -0.285 3.666 -4.151 -5.988 35.900
0.886 0.225 3.332 2.862 7.177 33.826
-1.064 -0.200 3.505 0.283 -3.000 37.649
0.599 0.139 3.234 2.245 2.520 41.312
0.023 -0.193 4.258 -3.102 9.231 30.237
0.526 -1.542 3.583 0.742 -8.248 35.900
-0.645 -0.200 2.991 0.000 -9.864 33.986
-0.491 -0.551 3.045 7.350 3.746 33.099
0.710 0.159 3.076 11.819 -3.315 40.212
0.243 -1.566 3.370 1.086 6.142 26.371
-0.685 -0.630 3.565 1.560 1.057 19.317
0.000 -0.453 3.370 0.000 2.117 43.218
-0.070 0.059 3.962 2.006 -3.000 34.697
0.000 -0.200 3.691 8.107 0.169 35.058
-0.122 -0.690 3.394 3.756 -4.221 35.900
1.387 -0.200 3.101 0.646 -3.134 38.316
0.000 -1.271 3.370 3.573 -2.457 43.691
-0.129 0.310 3.370 -3.862 -8.127 41.977
0.818 -0.200 3.221 -3.822 -2.958 35.900
-0.012 -0.383 3.370 -5.860 -7.269 34.801
0.269 -0.200 3.370 0.000 -0.148 35.900
0.000 -0.200 3.370 0.000 -3.000 38.822
0.000 -0.666 3.370 -2.051 0.440 33.730
-0.760 0.354 3.370 0.000 -3.000 33.858
0.000 -0.902 3.220 0.000 -10.059 40.274
-0.950 -0.988 3.370 -1.961 -9.809 41.915
0.787 -0.303 3.549 -0.988 2.872 29.806
0.471 0.091 2.432 0.000 4.659 38.982
-0.276 -0.293 3.370 -2.296 -7.080 42.886
0.000 -0.444 3.231 0.000 -6.249 41.684
0.000 0.370 3.616 4.016 -5.493 36.069
0.080 0.669 3.405 -3.210 -9.601 41.020
0.280 -0.384 3.234 1.816 -1.114 35.011
-0.839 0.726 3.612 0.000 -3.000 35.900
-0.066 -0.525 3.440 3.508 -6.181 36.952
0.000 -0.200 3.370 -1.534 -3.000 34.511
0.720 -0.532 3.370 0.000 -3.000 44.241
-0.314 -0.820 3.370 -0.624 -1.140 34.751
0.000 -0.200 3.370 2.567 -3.000 33.812
-0.414 0.390 3.063 5.084 -3.000 35.222
0.744 0.276 3.316 0.725 -11.760 31.953
0.000 -0.200 3.411 4.672 -10.386 39.689
0.934 -0.435 3.769 0.000 3.831 29.286
1.598 -1.042 3.221 -1.921 4.392 31.457
-0.645 -1.010 3.649 -4.362 -0.265 38.534
-0.338 0.966 3.072 3.252 -1.178 35.900
0.509 0.497 3.356 -7.036 -3.425 31.041
0.000 -0.200 3.370 0.000 -3.000 36.614
0.000 -0.200 3.370 4.858 -3.000 41.237
-1.738 0.291 3.851 -9.054 -3.000 40.624
0.000 -0.200 3.370 -2.783 -3.000 40.729
-0.606 0.165 2.986 0.000 -3.000 35.900
0.000 -0.200 3.240 0.000 -6.754 35.900
-1.050 -0.037 3.066 -3.280 -3.602 36.518
-0.571 -0.200 3.344 0.067 -3.000 38.611
0.104 -1.073 3.241 -2.816 -4.259 30.819
0.148 -0.200 3.249 -0.085 -9.963 43.160
0.802 -1.029 3.056 -3.775 -7.607 44.268
1.139 -0.200 2.834 0.745 -0.336 40.289
0.000 -0.470 3.370 0.000 -3.773 35.900
0.593 -0.032 3.124 0.000 2.856 38.942
-0.874 -0.420 3.092 0.000 -3.000 35.900
-0.504 -0.634 3.241 -4.976 -10.113 32.186
-0.748 -0.061 3.370 -0.705 2.374 34.760
0.000 -0.200 3.153 1.796 -7.492 35.900
-0.093 0.771 3.313 -1.292 0.219 31.963
-0.683 -0.791 3.370 -2.234 0.502 31.364
0.000 -0.030 3.205 1.348 -9.459 36.896
-0.606 -1.299 2.858 6.232 6.900 39.602
0.663 -0.735 3.205 0.939 -3.473 37.044
-0.141 0.272 3.131 6.474 -3.000 35.232
0.000 -0.200 3.370 0.000 -3.000 39.057
-0.792 0.587 3.370 -2.440 -12.720 35.900
-0.425 -0.200 3.239 -6.181 -3.042 38.104
0.000 0.259 3.654 1.473 8.666 35.900
0.000 -0.169 3.313 -4.910 -3.000 42.555
0.000 0.273 3.370 -0.809 -3.000 37.462
0.863 -0.975 3.453 -3.520 0.074 35.900
0.090 -0.200 3.370 -2.385 -8.261 36.137
-0.706 -0.421 3.218 -0.468 -1.355 30.553
0.702 -0.374 3.549 10.671 -1.632 38.506
0.000 -0.200 3.596 -1.417 -6.294 35.900
0.069 0.749 2.735 -6.662 -10.164 37.495
0.452 0.062 3.595 -7.168 -8.062 41.126
1.368 -0.304 3.382 9.077 -2.461 35.484
-0.188 -1.337 3.474 1.599 -3.000 35.900
1.294 -0.014 3.275 -5.651 -9.091 36.723
0.159 -0.126 3.092 0.000 -4.106 39.446
0.480 -0.338 3.352 2.442 -1.154 44.017
0.234 -0.200 3.370 0.000 -3.000 38.360
-1.064 -0.566 3.930 -1.721 -1.165 41.511
-0.562 -0.200 3.168 -2.482 3.973 27.768
0.000 -0.200 3.370 0.000 -3.000 40.118
-0.089 -0.672 3.093 -1.845 -3.000 35.900
0.407 -0.200 3.370 0.000 5.868 35.900
1.734 -0.746 3.449 -3.946 0.269 33.421
1.833 -0.286 3.357 -3.443 3.342 32.736
0.653 0.435 3.550 -2.980 2.270 30.623
0.008 -0.424 3.752 0.000 -3.000 40.342
-0.014 0.304 3.399 4.558 0.178 38.304
0.000 -0.826 3.370 0.000 -8.202 35.900
0.000 -0.144 3.600 4.202 -3.000 35.900
-0.621 -0.200 3.449 -1.615 -3.000 35.900
0.277 -1.183 3.429 6.587 -4.776 38.294
0.418 -0.516 3.549 0.000 3.434 39.699
2.087 0.374 3.370 -5.296 -5.918 37.649
-0.047 0.034 3.320 0.053 -2.530 40.889
0.000 -0.200 3.493 0.000 -3.000 32.849
-0.380 -0.568 3.316 -2.803 -1.233 40.608
0.000 -0.523 3.370 5.457 8.840 35.900
-0.671 -0.281 3.292 5.044 0.217 35.900
0.000 -0.572 3.370 0.338 1.759 35.255
-0.146 -0.139 3.370 -1.735 -1.336 37.666
-0.779 -1.162 3.370 7.795 -4.783 35.900
0.000 -0.200 3.590 -1.891 -7.967 32.836
0.539 0.057 3.370 0.000 -3.664 38.351
0.000 -0.200 3.370 -6.019 -3.000 33.347
0.063 -0.072 3.303 0.000 -0.337 36.986
0.000 -0.200 3.370 0.000 -3.000 35.900
1.713 -0.248 3.347 -1.441 -8.918 30.176
0.205 -0.200 2.990 0.000 -1.027 35.900
0.000 -0.200 3.370 0.000 -3.000 35.900
0.840 -0.101 3.370 0.000 -5.091 29.895
-0.238 -0.687 3.308 -4.054 -6.884 36.780
0.000 -0.625 3.370 2.584 0.780 33.879
0.014 -0.200 3.529 -2.560 -3.000 34.547
1.385 -0.200 3.370 0.000 1.231 30.890
0.000 -0.703 3.425 -1.046 -11.652 35.900
-0.684 -1.114 3.348 -3.336 -3.000 39.456
-0.350 0.281 2.685 -1.231 -3.000 35.900
0.902 -0.200 3.719 -4.054 -2.976 38.422
0.289 -0.380 3.127 1.272 -3.000 33.688
-0.520 -0.200 3.363 -2.167 -9.068 24.703
0.181 -0.175 3.869 0.513 7.349 41.380
-0.235 -0.200 3.370 0.000 -8.669 34.142
0.000 -0.200 3.005 4.298 -4.681 35.900
0.214 -0.699 3.454 -1.026 -0.042 33.479
-0.864 0.281 2.874 1.063 -12.814 38.180
1.203 -0.200 3.370 8.843 4.192 42.537
-0.782 -0.200 3.667 1.797 -7.075 31.709
-0.098 0.428 3.293 -4.203 -1.317 34.921
0.817 -0.200 3.495 1.174 -9.186 33.140
0.785 0.815 3.370 -8.271 7.423 31.670
0.000 -0.200 3.124 1.850 1.482 35.900
0.000 -0.200 3.553 7.768 -4.120 24.513
0.248 -0.141 3.264 2.799 -5.537 51.460
0.490 -0.783 3.370 0.000 1.220 35.699
-0.807 -0.813 3.370 -3.147 -1.718 35.900
0.000 0.649 3.534 0.122 0.460 29.663
0.587 -0.973 3.491 0.081 -3.000 32.201
0.091 -0.186 3.311 0.000 -1.704 37.570
-0.681 -0.816 3.241 4.173 -8.975 36.681
-0.121 0.234 3.683 1.956 -9.836 36.279
0.781 0.077 3.370 1.673 -2.021 47.029
0.292 -0.478 3.341 0.000 -15.720 30.718
-0.992 -0.200 3.135 -2.605 3.708 46.894
0.612 -0.067 3.133 -1.160 4.111 36.056
-1.456 0.619 3.548 0.000 -3.000 37.083
0.834 -0.200 3.652 -2.689 -3.000 35.129
0.552 -0.200 3.353 -0.802 8.078 37.524
0.598 -0.610 3.034 0.834 -0.435 37.387
-0.375 -0.387 3.613 -4.729 -4.596 38.973
-0.520 -0.489 3.492 -12.660 -14.104 36.461
0.000 -0.290 3.712 6.655 -0.509 34.295
0.000 0.430 3.294 -17.743 -7.601 34.131
-0.780 -1.435 3.522 3.451 6.389 46.138
0.000 0.370 2.917 0.000 -3.312 37.635
-0.063 -0.399 3.324 0.000 -3.000 32.463
-0.375 -0.541 3.370 -1.385 -3.000 32.290
0.104 -0.140 3.556 -2.248 -6.915 30.814
0.000 0.228 3.370 1.593 -3.000 37.561
-1.017 -0.005 3.680 0.284 1.445 30.241
-0.266 -0.200 3.370 0.000 -3.000 35.900
0.000 0.349 3.370 0.000 -2.130 35.900
-0.046 -0.378 3.151 0.000 -1.681 37.531
0.000 -0.034 3.370 0.000 -1.504 45.226
0.000 0.402 3.272 0.000 -3.000 43.668
0.571 -0.621 3.072 2.802 -3.000 35.900
0.048 0.020 4.088 5.630 6.245 29.286
0.413 -1.809 3.370 -6.497 11.280 35.179
-0.928 0.141 3.370 0.000 -4.842 43.787
-1.204 -1.129 3.135 -4.020 9.146 39.087
-0.051 -0.200 3.346 0.000 3.421 35.900
2.268 -0.181 2.647 2.740 -17.145 34.263
0.647 -1.237 3.371 0.000 -9.793 40.676
0.000 -0.200 3.534 0.137 -1.870 35.900
0.440 0.147 2.800 -2.655 -4.242 33.436
-0.113 0.067 3.415 0.000 6.490 35.900
-0.512 -0.200 3.484 3.478 -4.287 36.417
0.107 0.289 3.027 -0.685 -3.231 35.900
-0.302 -1.046 3.561 3.610 -4.063 36.696
-0.643 -0.771 3.370 -4.701 -9.262 44.127
-0.684 0.159 3.515 -4.172 7.454 30.906
0.488 -0.138 3.418 2.576 -3.000 41.816
1.022 0.157 3.131 0.000 -2.520 35.900
0.441 0.112 3.172 0.107 -3.000 35.677
0.000 -0.504 3.370 -0.405 -6.812 44.494
0.000 0.206 3.329 -0.439 3.984 28.932
0.000 -0.451 3.659 -1.237 -4.103 39.062
0.760 -0.991 3.124 3.238 2.317 32.831
-0.263 0.550 3.370 1.007 -1.693 41.519
0.040 -0.732 3.090 0.000 -7.618 37.815
0.829 -0.200 3.446 -4.659 2.501 35.165
0.000 -0.200 3.327 2.688 -3.000 39.979
0.647 -0.293 4.026 4.449 0.257 35.900
-0.667 -0.200 3.342 -0.374 -3.000 27.592
-0.503 0.123 3.370 0.000 -1.105 36.311
-0.266 -0.200 3.802 -0.062 -0.933 35.900
0.000 -0.200 3.496 -4.053 -4.710 39.690
0.000 -0.436 3.370 6.760 -4.651 35.900
-0.266 -0.200 3.405 4.907 4.330 30.443
-0.257 -0.630 3.370 -1.494 1.397 35.900
0.565 -0.200 3.598 -5.307 -1.417 35.900
-0.311 -0.259 3.137 -3.222 10.783 33.225
0.625 0.112 3.372 -4.442 -3.000 23.966
0.949 -0.187 3.370 2.104 -3.000 31.375
0.177 -0.200 3.370 4.744 0.969 36.903
0.098 -0.417 3.353 4.253 0.532 41.288
-0.000 0.015 3.787 4.521 -2.092 35.900
-0.392 1.057 3.472 0.455 -8.068 40.015
0.000 -0.059 2.942 -5.604 -5.565 33.561
0.000 -0.553 3.816 -2.886 -7.689 35.900
-0.340 -0.200 3.390 0.000 -3.000 35.900
-1.148 -0.960 3.633 -0.648 2.382 39.827
0.144 -0.058 3.121 0.000 -6.627 37.419
-0.095 -0.228 3.607 -7.762 0.355 39.148
-0.240 -0.221 3.162 -5.137 -1.873 39.447
-0.041 -0.607 3.276 0.000 -3.000 35.708
0.897 -0.183 3.370 -3.977 2.884 31.696
0.165 0.277 3.370 2.474 -5.383 32.588
0.918 -0.293 3.539 -7.825 1.215 37.977
-0.264 -0.200 3.370 -4.577 5.924 32.261
0.424 -0.200 3.566 0.000 -3.000 31.108
0.000 -0.200 3.061 -2.800 -9.100 32.030
0.000 -1.351 3.173 4.240 -1.343 34.887
0.000 0.752 3.143 -1.848 -3.000 39.020
1.209 -0.021 3.359 2.133 8.089 34.086
-0.443 0.461 3.029 0.515 -3.000 35.900
0.643 -0.200 3.457 0.000 0.152 35.900
0.555 -0.069 3.060 0.000 -0.402 30.309
0.061 -0.200 3.470 3.929 -0.391 35.900
-0.473 -0.863 3.331 -1.839 -7.415 42.626
-0.637 -0.200 3.623 0.000 -3.000 35.900
-0.595 -0.200 3.370 0.000 -5.075 33.769
1.118 -0.246 3.370 6.542 -3.000 37.148
-1.161 -0.854 3.404 3.555 6.352 36.100
-0.643 -1.035 3.370 0.000 -3.000 39.879
0.000 -0.367 3.388 0.000 0.560 38.795
0.410 -0.200 3.370 -0.162 -3.000 37.260
0.674 0.228 2.974 0.000 -4.468 29.497
0.000 -0.200 3.370 4.268 -1.258 46.293
-0.296 -0.200 3.262 0.723 3.666 40.992
1.719 -0.878 3.584 4.182 -14.580 29.469
0.253 0.086 3.196 -1.841 8.373 31.561
-0.333 -0.200 3.370 0.000 -9.193 39.823
-0.523 -0.231 3.688 2.091 -9.563 33.643
0.000 -0.200 3.370 0.000 -3.000 33.400
0.303 -0.814 3.145 0.000 -13.624 35.900
0.305 -0.200 3.370 -2.284 -3.000 35.900
-0.418 -0.681 3.548 0.310 -2.191 32.603
-0.739 -0.200 3.370 -6.282 -0.561 34.088
-1.854 0.514 3.227 3.710 -0.946 42.641
-0.212 -0.173 3.588 1.318 -3.000 34.666
-0.708 -0.790 3.599 0.000 -3.850 34.783
0.405 -0.266 3.370 -2.639 -3.000 35.900
0.000 0.177 3.408 6.209 -6.247 40.349
0.055 -0.274 3.720 -3.946 3.218 35.900
0.774 0.040 3.697 -5.202 -7.202 34.331
-0.776 0.462 3.728 0.000 -4.840 29.348
-0.203 -0.200 3.133 -4.394 4.677 35.900
0.392 -0.200 3.036 0.472 1.674 34.390
0.880 0.304 3.241 -5.681 -3.000 38.130
0.186 0.071 3.448 0.000 -3.000 31.703
-0.663 -0.671 3.107 0.000 -9.988 31.473
0.230 0.209 3.370 0.000 -3.795 35.900
-0.163 -0.367 3.453 2.750 9.382 32.710
0.000 -0.694 2.842 -0.585 -4.877 31.774
-1.034 -0.200 3.370 8.575 -3.000 40.295
-0.579 0.245 3.801 3.259 -5.286 36.213
-0.347 -0.500 3.381 -2.783 -1.260 30.493
0.112 -0.136 3.095 0.000 -4.936 35.139
-0.564 1.000 3.524 3.004 -5.133 35.900
-1.157 -0.182 3.512 4.744 -2.382 45.570
-0.173 1.135 3.246 6.130 -2.126 35.900
0.445 -0.079 3.196 -3.463 -3.000 38.318
-0.791 -0.200 3.668 5.430 -3.000 33.190
0.571 -0.345 3.176 0.000 3.460 32.383
-0.862 -0.384 3.370 -0.116 -3.000 36.177
-0.605 -0.012 3.744 0.000 -9.691 36.240
-0.122 -0.245 3.589 0.000 -6.715 34.602
-0.343 0.117 3.126 0.000 3.348 33.363
0.000 -0.200 3.258 0.000 4.032 38.955
0.000 -0.200 3.053 1.322 1.552 38.771
-0.071 -0.200 3.129 1.147 -9.998 49.235
0.183 -0.761 3.393 0.752 -9.580 36.568
0.754 -0.200 3.370 0.000 -1.100 35.900
-0.243 0.206 3.042 -1.225 -5.325 35.900
-0.672 -0.080 3.658 0.000 -0.173 36.463
0.402 -0.200 3.453 7.201 -11.282 34.438
0.000 -0.677 3.370 3.902 -3.000 34.180
0.000 0.120 3.370 -0.108 -13.219 39.567
-0.069 -0.307 3.342 -0.002 -5.078 31.386
0.000 -0.135 3.070 0.341 -3.000 35.900
0.579 -0.379 3.293 4.125 1.374 36.013
0.405 -0.102 3.370 -2.506 1.243 32.261
0.000 -0.200 3.370 1.789 -3.000 34.986
0.638 -0.200 3.370 1.277 3.099 35.488
0.355 -1.127 3.199 -5.082 7.274 30.216
-0.476 0.324 3.811 -2.178 -6.611 28.887
-0.128 -0.200 3.409 -5.100 -3.000 38.168
0.000 -0.200 3.370 0.000 -3.000 35.900
-0.091 -0.445 3.630 4.999 2.153 31.762
-0.642 -0.145 3.370 -0.148 -6.326 38.117
-1.022 -0.200 3.368 -1.061 1.612 40.778
0.000 -0.331 3.370 -0.540 -5.733 30.446
-1.515 -0.070 3.381 -9.407 3.684 30.786
0.294 0.353 2.968 -4.049 9.665 29.647
0.000 0.312 3.370 0.746 -3.000 35.207
-0.742 -0.310 3.683 -8.360 -9.013 35.900
-0.505 -0.837 3.796 3.723 -3.000 35.900
0.000 -0.200 3.035 0.623 -12.050 42.950
0.528 -0.200 3.657 -0.310 -3.000 35.900
0.349 0.178 3.553 -8.560 -3.000 35.031
0.500 -0.542 3.265 5.824 -2.687 38.788
0.185 1.679 3.136 3.974 0.495 49.861
0.446 -0.200 3.628 0.000 -7.260 35.900
0.793 -0.200 2.977 0.000 4.172 37.831
-0.954 -0.200 3.079 7.080 -9.021 33.051
0.000 -0.200 3.607 2.636 -7.085 43.357
-0.647 -0.791 3.315 4.584 0.919 37.446
0.968 -0.458 3.166 0.006 -8.022 29.038
-0.223 0.456 2.800 -4.871 1.986 36.416
-1.382 -0.084 3.370 2.205 5.064 42.828
-0.263 0.166 3.370 0.000 -0.314 29.624
0.107 0.005 3.370 6.339 13.799 32.617
0.989 -0.623 3.064 0.000 -1.137 37.931
-0.163 -0.200 3.123 1.905 -11.170 35.113
0.000 -0.918 3.477 0.000 1.969 29.712
0.479 0.218 3.324 -1.008 -5.107 35.811
0.000 0.130 3.370 0.000 -9.572 40.516
-0.389 0.222 3.370 0.000 -10.733 35.900
-0.525 -0.605 3.234 2.577 1.444 36.185
-0.642 -0.666 3.578 2.968 -0.833 29.572
0.931 0.308 3.368 -1.786 0.517 40.249
0.557 -1.290 3.123 4.660 -3.000 27.283
1.532 -1.093 2.975 0.000 -6.100 37.228
0.313 -0.057 3.370 -2.441 -5.442 35.900
0.235 0.282 3.148 -0.463 -1.561 38.611
-1.037 -1.004 3.089 -3.424 -9.729 55.973
0.000 -0.426 3.370 0.000 -2.499 35.900
0.700 0.024 3.692 0.000 5.398 35.606
-1.418 -0.510 3.532 -1.962 -3.000 34.134
0.000 0.060 3.571 0.000 -5.172 39.690
0.000 -0.512 3.650 -0.330 -4.339 34.758
-1.119 -0.200 3.765 -6.023 -3.000 35.900
-0.746 -0.089 2.644 1.038 -3.000 35.900
1.063 -0.092 3.370 -4.963 -4.208 34.407
-0.773 -0.145 3.539 -2.769 -0.843 29.883
-0.597 0.047 4.062 -1.301 -3.000 34.950
0.000 -0.200 2.902 -1.616 -12.856 37.653
1.298 -0.695 3.078 0.856 -5.845 35.900
-0.549 0.192 3.623 3.038 -7.804 28.505
-1.011 -0.170 3.485 -15.125 1.342 35.042
-0.695 0.079 3.302 1.617 -6.280 39.727
0.000 -0.240 3.444 -1.185 -5.553 35.900
0.000 -0.200 3.370 0.000 -3.000 33.328
0.000 0.173 3.430 0.000 -7.496 32.543
0.000 -0.662 3.370 0.000 -4.594 34.227
-0.151 -1.172 3.404 0.000 -0.574 35.900
0.197 -0.153 3.370 0.000 -5.579 33.674
-0.055 -0.410 3.467 -0.470 -0.725 34.648
0.000 -0.200 2.933 0.000 -3.000 35.900
-0.714 -0.200 3.224 0.000 -3.000 29.807
0.000 -0.571 3.370 3.502 -5.276 36.145
0.503 0.055 3.199 -7.058 1.514 39.166
-0.432 -0.512 3.085 0.000 3.364 42.337
-0.763 -0.616 3.456 0.000 -1.527 39.277
0.011 -0.116 2.586 -2.433 -5.675 34.555
-0.174 -0.247 3.531 -5.822 -9.628 33.292
0.000 -0.694 3.911 0.000 -3.000 40.694
-0.025 -0.200 3.323 -6.301 -1.961 39.469
0.000 -0.800 3.231 -4.249 2.517 35.799
0.060 0.008 2.851 -2.122 4.271 35.900
-0.285 -0.200 3.099 -0.896 -6.960 34.099
-0.288 -0.354 3.300 4.828 -8.360 48.134
0.172 0.253 3.347 0.000 -1.641 41.759
0.743 0.019 3.238 4.666 -2.325 36.455
0.000 -0.043 3.183 0.271 -3.000 40.975
-0.026 -0.829 3.044 2.809 -6.051 35.900
-0.519 -0.200 3.413 2.002 3.942 40.303
-0.708 -0.388 3.229 1.042 -3.000 32.762
0.209 -0.200 3.692 0.000 -5.816 31.700
0.215 0.658 3.318 -0.032 -12.599 39.252
-0.560 0.348 3.200 4.177 5.450 35.900
0.318 0.390 3.357 -3.471 -3.000 35.900
0.485 -0.903 3.292 -4.155 -0.973 30.644
0.948 -0.838 3.370 2.218 -7.914 38.954
-1.081 -0.032 3.370 -4.105 -2.672 41.540
0.504 0.409 3.205 0.000 -3.000 33.747
0.000 -0.200 3.429 0.000 -3.000 36.287
-1.095 -0.457 3.096 2.935 -5.888 36.582
0.000 -1.102 3.370 4.789 -3.605 35.900
-0.422 -0.200 3.422 5.299 5.244 33.909
0.366 0.404 3.014 6.059 -3.000 31.023
0.426 -0.190 3.398 0.000 -13.285 40.365
-0.455 0.003 3.341 -2.695 -3.000 35.783
-0.442 -0.706 3.271 -1.684 -3.000 35.900
0.000 -0.200 3.796 0.000 -4.075 35.900
-0.872 -0.574 3.376 -7.899 1.945 31.023
0.383 0.113 3.845 0.000 -7.925 32.964
-0.995 0.454 3.521 6.330 -3.839 39.847
-0.094 -0.102 3.370 0.000 -1.528 35.900
0.559 -0.363 3.784 4.022 -0.842 41.200
0.046 -0.269 3.222 7.006 -6.094 30.369
-0.056 -0.539 3.232 0.852 -3.000 41.782
0.939 -0.572 3.724 5.857 4.474 40.188
0.000 -0.432 3.840 2.728 -3.000 35.900
0.076 0.213 3.873 2.353 -7.787 38.239
-0.554 -0.200 3.045 11.083 -8.266 36.370
0.541 0.148 3.610 0.648 -2.714 35.900
0.000 -0.200 3.487 -1.832 -1.850 32.883
0.000 -0.200 3.370 0.097 -4.525 36.850
0.000 0.252 3.370 0.205 -2.938 41.344
0.000 -0.248 3.393 0.000 1.336 35.900
1.297 -0.200 3.370 0.351 2.133 32.907
0.601 0.368 3.691 8.601 -4.858 38.860
-0.192 0.194 3.766 0.000 2.139 34.664
-0.232 -0.037 3.418 -2.422 -0.684 35.033
-1.454 0.124 3.457 3.236 4.785 42.227
-0.755 -0.673 3.231 -4.251 -6.875 40.079
-0.919 -0.589 3.427 -5.540 -6.775 38.709
0.026 0.002 3.574 1.263 -6.500 37.893
0.000 -0.076 3.370 0.000 -0.626 38.560
0.000 -0.556 3.008 -4.235 -9.333 25.442
-0.979 0.429 3.354 3.490 7.261 34.838
0.356 -0.157 3.249 -3.527 -4.426 37.114
-0.604 0.258 3.674 -4.030 -3.000 44.735
-0.876 -1.011 3.370 1.725 -14.520 32.659
0.000 -0.200 3.694 0.000 7.092 31.010
0.000 0.061 3.471 0.000 4.293 31.249
0.000 -0.200 3.569 0.000 -3.000 35.900
-0.456 -0.337 3.219 -3.171 -3.000 34.861
0.426 0.384 3.002 -5.532 -6.285 35.900
0.000 0.313 3.370 -5.629 -4.494 44.222
0.754 -0.694 3.884 0.000 -3.000 35.900
0.948 0.206 3.545 2.704 3.712 33.792
-0.092 -0.200 3.370 0.000 -3.000 32.275
0.000 -0.108 3.370 -4.414 1.635 31.925
0.000 -1.102 3.539 4.018 -5.401 35.900
0.000 -0.200 3.370 0.000 -3.000 34.839
-1.203 -0.743 2.844 0.818 -3.000 35.900
0.000 -0.200 3.370 -3.780 2.234 35.900
-1.541 0.125 3.370 0.000 -4.114 37.744
1.874 -0.834 3.032 10.835 2.090 34.463
0.148 -0.346 3.370 0.000 -0.548 35.900
0.291 -0.248 3.370 2.620 -16.982 35.900
0.562 -0.149 3.114 2.554 5.321 32.380
-0.641 -0.689 3.370 -7.823 -7.918 36.236
-0.828 -0.200 3.486 -2.877 -3.000 35.900
0.394 -0.331 3.370 0.000 -3.000 30.785
-1.238 0.236 3.294 3.605 -3.000 37.951
0.246 0.058 3.563 3.082 1.880 38.526
-0.486 -1.088 3.272 4.671 -2.936 36.782
0.000 -0.461 3.273 -4.535 3.839 35.900
0.850 -0.200 3.370 -9.021 0.541 41.188
0.129 -0.571 3.370 5.261 -1.161 34.837
-0.711 -0.630 3.370 2.228 -5.454 31.520
2.153 -0.872 3.761 0.000 2.097 35.900
-1.306 -1.041 3.370 4.352 -3.000 41.170
0.942 -0.388 3.370 -8.167 -5.027 39.677
0.258 0.205 3.026 2.480 -3.000 35.900
0.340 -1.314 3.698 0.907 6.903 34.078
-0.172 -0.467 3.631 0.000 -0.336 37.529
0.113 -0.503 3.370 -5.278 -3.000 34.216
0.255 -0.200 3.747 -3.438 2.099 33.698
-0.481 -0.200 4.118 -2.943 -6.210 43.091
0.488 0.186 3.415 3.409 2.575 38.487
-0.166 -0.200 3.596 0.000 -3.000 42.424
0.250 -0.183 3.982 4.256 -3.000 38.089
0.000 -0.234 3.200 -3.338 -0.545 31.594
0.016 -0.349 3.562 0.000 -16.255 35.900
0.031 -0.200 3.226 0.000 -4.133 35.900
0.149 0.401 4.033 0.000 -3.000 39.403
0.000 -0.440 3.370 -1.006 -9.356 35.900
-0.477 -0.713 3.742 -1.519 2.768 35.900
-0.547 -0.200 3.359 -3.719 -3.789 35.900
0.426 -0.200 3.366 0.000 -0.752 33.583
-0.321 0.350 3.522 3.379 -3.000 35.900
0.063 0.285 3.272 0.764 -3.000 35.901
0.000 0.425 3.324 -0.366 -3.000 40.300
0.000 -0.200 3.243 0.000 -3.000 33.673
0.000 -0.200 3.370 0.000 -8.107 38.721
0.220 -0.200 3.853 -1.229 -3.979 41.736
-0.563 -0.682 3.477 2.230 -3.428 31.411
0.000 0.713 3.259 0.000 -3.000 35.900
-0.352 0.066 3.370 -5.263 5.010 43.020
-0.866 -1.464 3.370 4.391 0.953 42.533
0.000 -0.200 3.190 0.000 -3.000 33.829
0.505 0.211 3.117 5.714 -8.210 35.219
0.629 -1.357 3.370 0.000 -3.000 37.606
0.647 -0.200 3.069 0.000 -2.719 33.133
1.057 -0.200 3.370 0.000 1.866 42.111
-0.405 -0.059 3.093 0.000 -3.000 35.900
0.898 -0.209 3.370 0.151 -3.000 34.146
-1.256 0.732 3.108 -3.851 -2.020 32.145
0.091 0.106 3.081 0.720 -4.922 34.638
0.846 -0.324 3.370 2.607 -3.000 34.001
0.452 -0.375 3.563 -2.292 -2.133 35.900
0.219 0.155 3.370 4.350 -3.000 33.327
-0.230 -0.477 3.472 0.000 0.716 35.900
0.000 -0.496 3.453 8.697 1.934 33.330
-1.059 0.763 3.005 8.494 0.086 34.268
0.268 -0.073 3.337 0.000 -3.000 29.958
0.000 -0.648 3.082 0.000 -3.000 35.900
-0.686 -0.380 3.370 2.623 -0.367 35.604
-0.368 -0.155 3.098 0.691 -3.368 37.576
0.000 0.197 3.370 -2.001 -3.000 30.298
0.994 0.097 2.622 0.194 9.635 34.390
0.000 -0.286 3.339 -2.912 -5.919 28.526
-0.168 -1.171 3.412 -0.579 4.416 39.703
-0.640 -1.102 3.922 -5.150 -6.402 30.237
0.765 -0.534 3.268 2.056 4.021 40.452
0.558 -0.715 3.666 -1.606 -3.000 42.779
-0.919 -0.507 3.552 0.000 -3.000 35.900
-0.491 0.722 3.577 -8.687 -0.138 38.148
1.649 -0.809 3.641 2.299 -6.427 35.900
0.000 -0.147 3.366 1.140 -6.797 29.674
-0.119 -0.480 3.790 -0.667 -4.245 39.425
0.000 -0.200 3.370 0.000 -3.000 34.173
-0.060 0.065 3.575 0.365 -1.162 35.444
1.222 -0.200 2.758 0.020 -3.000 35.900
0.942 -1.410 3.508 -5.471 1.941 42.843
-0.368 -0.728 3.823 0.000 -3.000 35.900
-0.849 0.086 3.370 4.076 -3.000 31.507
0.209 0.259 3.370 0.000 -3.000 35.900
0.541 0.300 2.872 4.860 10.964 34.896
0.804 0.401 4.383 -6.122 -5.338 44.031
0.000 0.398 3.370 2.038 -6.981 39.642
-0.705 -0.705 3.606 1.858 -2.502 35.900
1.319 0.086 3.648 0.000 -3.816 35.900
-0.155 -0.200 3.414 -5.126 -3.000 35.900
-0.559 -0.495 4.142 -4.200 -3.000 38.019
-0.140 -0.460 3.696 0.000 -8.805 35.900
0.131 0.103 2.942 -3.045 -3.000 37.816
0.118 -0.926 3.301 0.000 -3.000 32.979
0.000 -0.488 3.370 1.821 -3.000 32.302
-0.349 0.557 3.378 -4.444 0.851 34.574
0.508 -0.044 3.615 -4.059 -0.513 34.122
-0.055 -0.656 3.370 0.000 -7.738 36.212
0.000 -0.200 3.421 0.000 -3.000 35.900
0.000 -1.004 3.192 -0.748 -4.543 35.900
0.534 -0.200 3.047 0.000 -2.447 36.439
-1.041 -0.619 3.323 -7.425 -9.871 30.504
1.013 -0.200 3.498 0.281 -5.040 35.900
0.281 -0.200 3.709 -4.729 1.491 42.534
0.000 -0.200 3.370 0.000 -8.161 34.064
-0.612 0.427 3.755 2.229 -7.927 24.570
0.609 -0.200 3.370 0.000 -3.000 35.900
-1.155 -1.414 3.515 3.608 0.329 37.747
-0.732 0.218 3.204 1.511 -5.251 34.427
-0.290 -0.236 3.844 0.000 0.827 35.720
0.434 -0.200 3.370 0.761 -10.781 37.058
-0.689 -0.837 3.370 7.117 -3.272 41.321
0.160 -0.200 3.370 0.000 -7.511 37.039
-0.271 -0.484 3.482 1.854 -1.990 33.066
0.000 0.443 3.238 -1.674 -8.454 34.557
-1.901 -0.260 3.043 1.462 3.433 36.263
-0.264 0.033 3.174 4.746 -5.934 34.682
-0.171 -0.200 3.353 0.176 -9.434 35.900
0.032 -0.068 3.370 1.096 -6.341 37.171
-0.157 -0.064 3.091 0.000 3.021 35.900
0.546 -0.578 3.805 1.030 -14.032 36.740
-0.613 0.488 2.820 -4.540 -3.000 38.342
0.828 -0.147 3.370 -5.185 -3.000 35.530
0.002 -0.200 3.637 3.122 -3.000 35.900
-0.532 0.405 2.952 -3.245 -4.960 34.228
-1.061 -0.200 3.403 3.644 -9.316 31.299
0.366 0.607 3.039 -3.546 -2.593 36.990
0.000 -0.200 3.370 0.000 -3.000 35.900
0.003 -0.474 3.065 2.277 1.799 35.900
-0.780 0.535 4.220 -3.202 7.773 31.014
0.000 -0.200 3.370 1.379 6.869 32.552
0.929 -0.362 3.285 -3.961 -2.347 38.059
-0.238 0.411 3.948 0.589 0.186 34.341
-0.114 0.356 3.370 4.083 -6.122 39.931
-0.077 -0.744 3.090 3.345 9.106 33.832
-0.935 0.606 2.995 0.000 -4.622 35.900
0.114 -0.293 3.404 0.000 -7.875 37.146
-0.998 -0.649 3.586 -5.218 -4.407 35.900
-0.038 -0.200 3.225 0.000 4.069 35.900
-3.215 0.473 3.574 -4.004 -3.547 34.683
0.000 -0.200 3.370 0.000 -0.879 42.605
-0.473 -0.200 3.370 0.000 4.097 35.900
1.107 -0.200 3.376 0.000 -4.939 29.692
-1.197 -0.108 3.735 0.000 -3.000 32.147
0.000 -0.200 3.529 0.363 -0.567 35.900
-0.394 0.197 3.992 -4.806 -9.105 36.503
-0.938 -0.475 3.193 -1.654 -8.252 38.274
0.133 0.269 3.259 -4.962 -5.926 36.510
0.408 -0.359 2.831 10.924 9.788 31.243
0.525 -0.200 3.438 -8.934 -7.660 37.176
0.298 -0.200 3.680 0.000 2.743 28.412
0.305 0.236 3.425 0.527 -2.708 36.182
-0.323 0.275 2.809 -0.707 -8.916 34.831
-0.229 -0.200 3.370 4.478 4.904 35.900
0.542 0.102 3.490 2.650 -1.286 37.039
1.420 -0.730 3.370 0.000 2.988 31.522
-0.076 0.005 3.370 -8.336 -1.245 38.557
0.289 -0.200 3.280 3.223 -3.000 36.828
0.000 0.259 3.793 -0.959 1.611 35.900
-0.471 -0.314 2.509 0.762 -3.000 32.915
-0.624 -0.277 3.801 -2.382 -4.110 35.900
0.000 -0.499 3.370 0.000 -3.000 35.900
0.000 -0.216 3.370 0.000 -3.000 35.900
0.697 -0.619 3.370 4.502 -3.789 33.183
0.000 -0.715 3.305 -3.580 -9.498 32.533
1.240 -0.155 3.360 -1.564 -3.000 40.948
0.000 -0.408 3.660 -4.553 -5.311 35.900
-2.034 -0.200 3.843 -3.554 7.538 30.540
0.031 -0.200 3.720 0.000 -7.377 41.428
-0.833 -0.329 3.221 0.000 -1.347 34.840
1.538 -0.697 3.386 -1.867 -5.237 41.615
-3.192 -0.199 3.028 -5.824 1.951 33.443
-0.139 -0.637 3.066 2.314 -17.884 28.244
-0.338 -0.797 3.370 0.000 -3.000 40.544
0.442 0.553 3.640 3.769 1.005 35.900
0.000 -0.117 3.466 7.917 5.640 41.186
-0.316 -0.668 3.236 -9.835 -8.546 40.218
-0.499 -0.086 3.511 0.000 -3.000 35.900
0.000 -0.903 3.509 -4.091 -3.000 32.029
0.000 -0.567 3.370 6.136 -3.000 35.900
0.255 -0.267 3.552 5.567 6.270 31.725
-0.129 -0.869 3.509 -1.571 -3.000 36.125
-0.796 -0.310 3.744 4.939 -3.578 36.432
0.000 -0.499 3.370 -2.273 -3.655 34.838
0.747 -0.200 3.158 6.356 -5.217 33.445
-0.370 0.324 3.370 0.000 2.726 35.900
0.000 -0.200 3.638 -1.037 0.006 43.128
-1.400 -0.321 3.962 -3.415 -3.000 31.509
0.316 0.678 3.643 -3.104 6.554 33.602
0.834 -0.190 3.330 0.000 -10.936 35.900
0.422 -0.715 3.441 -0.359 -1.110 32.392
-1.142 0.947 3.081 -2.686 -0.775 39.045
0.483 -0.200 3.370 0.682 -3.000 35.900
0.286 -0.152 3.370 3.649 3.152 35.594
-0.473 -0.020 3.292 12.290 -9.614 39.760
0.000 -0.297 3.370 1.188 -3.000 26.358
0.053 0.271 3.486 6.799 2.833 36.575
0.000 0.862 2.892 -4.298 -3.000 30.378
1.075 -0.568 3.189 -3.772 -3.000 36.322
0.336 -0.777 3.312 -0.227 -3.000 30.948
-0.673 0.089 3.370 0.000 0.028 33.373
-1.331 0.163 3.460 0.000 -8.461 35.900
0.000 -0.716 3.507 4.772 -3.000 35.900
0.780 0.093 3.370 6.398 -3.000 41.914
0.000 0.400 3.698 -2.070 0.902 34.022
-0.460 -0.415 3.232 0.000 -1.138 35.900
0.000 -0.666 3.596 0.000 0.326 34.494
0.000 -0.200 3.057 -1.728 1.897 35.900
-0.041 -0.666 3.370 -1.995 -3.000 29.778
0.000 -0.169 3.233 0.000 0.345 34.936
1.372 -0.627 2.886 -1.521 1.432 35.900
0.616 0.039 2.715 -0.805 -3.000 26.865
0.000 -0.200 3.574 4.625 -4.550 34.998
0.239 0.321 3.011 3.831 -14.787 32.531
-0.339 -0.200 3.370 0.165 -3.000 35.900
-0.053 -0.330 3.370 0.000 -3.000 32.085
-0.399 -0.860 3.202 0.000 1.676 39.498
-1.346 0.569 3.303 -4.515 -9.376 30.914
0.705 -0.513 3.676 0.000 -6.526 37.739
0.000 0.236 3.552 1.921 3.373 35.886
0.000 -0.153 3.692 -4.599 -3.397 31.149
-0.667 0.015 3.370 -4.344 -2.604 30.418
-0.041 -0.346 3.370 7.206 -4.894 32.175
-0.528 -0.729 3.306 0.000 -1.908 29.780
0.446 0.110 3.460 -3.576 -0.206 34.019
0.084 -0.011 3.637 2.086 -3.000 34.107
0.000 0.367 3.370 0.876 -3.000 35.691
1.221 -0.200 3.002 3.734 -3.000 45.308
0.000 -0.132 3.122 3.387 -3.000 35.900
0.813 -0.200 3.276 3.943 -0.345 31.827
-0.480 -0.863 3.251 -0.516 -11.348 34.366
-0.615 -0.507 2.967 -2.966 -3.000 37.604
-2.116 0.348 3.537 0.000 -5.571 37.806
0.226 0.173 3.680 8.205 -3.000 36.718
-0.746 0.000 3.651 -0.164 -3.000 35.900
0.000 -0.597 3.370 0.000 -3.000 34.453
0.000 -0.200 3.707 3.125 -6.045 34.549
0.305 -0.200 3.058 0.438 -3.000 37.198
0.092 -0.622 3.370 -1.150 -4.258 40.839
-0.689 -0.200 3.656 10.683 -13.018 35.900
-0.482 -1.209 3.713 0.000 -3.000 39.375
-0.146 -0.510 3.351 0.000 -8.273 43.217
0.000 -0.200 3.370 -2.351 -9.194 35.900
-0.662 -0.200 3.774 0.029 -3.000 35.900
0.032 -0.200 3.606 10.702 -3.000 37.575
-0.534 -0.707 3.561 1.532 -3.000 34.101
0.000 0.545 3.370 -3.108 -1.853 33.189
0.551 -0.912 3.223 4.052 -3.000 32.532
-0.996 -0.981 3.683 -4.419 -1.575 33.460
-2.268 -0.641 3.005 0.661 3.132 32.649
0.738 -0.200 3.370 0.000 -2.406 40.265
1.284 0.218 3.243 -0.885 -6.718 32.974
0.000 -0.481 3.370 -3.073 -5.153 30.684
-0.471 -0.200 3.539 5.976 -3.000 35.900
1.696 -0.111 2.879 -4.974 -7.173 41.479
-1.413 -0.500 3.722 -4.939 -0.387 41.775
-0.560 -0.200 3.176 -7.445 -7.549 30.904
0.133 -0.210 2.872 4.722 4.249 35.822
0.000 0.050 2.846 -3.077 -3.000 32.111
0.453 -0.200 3.370 3.831 -19.299 31.110
0.681 -0.209 3.026 3.943 1.578 39.805
0.000 -0.760 3.057 0.988 -3.000 32.006
0.000 -0.302 3.731 0.434 -3.000 35.900
0.686 0.783 3.443 4.176 -3.000 35.900
0.000 0.132 3.232 2.318 -0.572 34.681
0.213 -0.200 3.102 0.000 0.217 30.068
-0.492 -0.200 3.573 -4.005 -0.080 35.900
-0.403 -0.615 3.959 -2.273 -14.030 33.658
-0.095 0.042 3.642 -3.224 -3.995 36.768
-2.211 -0.200 3.708 2.005 -4.843 35.900
0.749 -0.965 2.908 -1.311 -6.414 39.848
0.000 -0.200 3.083 -1.749 -3.000 31.668
-0.037 0.117 2.809 0.000 -3.800 34.766
0.000 0.431 3.552 2.014 1.290 32.203
-0.308 0.086 3.222 0.000 -4.257 42.038
0.000 -0.200 2.860 3.353 -3.000 33.939
-0.345 -0.468 3.143 0.000 -2.754 34.226
0.063 0.037 3.091 0.299 -3.000 37.045
-0.632 -0.313 3.860 -4.635 10.103 30.830
0.480 -0.274 3.370 0.739 3.285 33.054
-0.746 -0.200 3.370 -8.520 1.481 30.837
-0.789 -0.556 3.499 1.824 -2.372 35.900
-0.793 0.513 3.370 5.841 6.645 41.347
0.000 -0.912 2.918 -0.167 -3.000 41.066
1.553 0.866 2.978 0.000 -5.613 30.813
-0.054 0.725 3.217 4.457 -5.379 36.660
0.326 -0.433 3.370 0.000 -1.110 35.900
0.189 -0.624 3.634 6.340 -4.554 32.231
0.716 0.166 3.240 -1.602 4.803 38.946
-0.377 -0.200 3.080 5.909 5.533 35.900
0.201 -0.080 3.140 3.548 -3.000 31.463
0.000 -0.939 3.370 0.000 -1.817 38.724
0.473 -0.413 3.397 -1.591 3.072 35.709
0.990 -0.033 3.447 -5.800 8.425 41.850
0.700 -0.788 3.370 2.755 -0.181 36.290
0.339 -0.071 3.041 -0.671 0.167 36.244
0.141 0.106 3.303 0.000 -3.000 39.460
0.223 -0.296 3.418 3.034 -6.880 42.040
-0.006 -0.814 3.754 2.380 -5.058 31.678
-0.704 -0.200 3.153 -2.641 -9.435 37.397
-0.875 -0.167 3.437 0.000 0.326 35.951
-0.394 -0.175 2.598 -9.492 -0.947 35.900
0.309 -0.575 3.219 3.647 2.698 37.212
0.000 -0.200 2.818 -2.799 -9.689 39.640
-0.332 0.162 3.395 1.406 -3.000 35.900
0.132 -0.510 3.370 0.312 2.959 49.134
-0.724 -0.416 3.127 -3.387 4.977 35.154
-0.572 -0.200 3.488 -4.389 2.063 35.900
-0.285 -0.200 3.067 0.000 3.159 35.900
-0.228 -0.189 3.378 5.864 -0.977 34.912
0.000 -0.376 3.370 0.000 -3.000 42.448
0.000 -0.571 3.083 3.825 -6.918 38.230
0.623 -0.232 3.370 1.607 -3.000 32.635
-0.100 -0.834 3.865 0.017 -3.830 37.693
-0.178 -0.139 3.342 0.000 -3.000 37.341
-0.658 -0.200 2.991 0.187 -4.644 38.024
0.715 -0.452 3.782 -2.237 -2.329 30.687
0.713 0.398 4.070 3.728 -0.670 35.900
0.937 -0.081 3.370 0.795 -8.713 35.900
0.737 -0.200 3.268 -3.487 2.762 35.900
0.000 -0.200 3.370 0.000 -8.723 35.900
-0.576 -0.200 3.370 -1.709 -1.696 35.900
-1.023 -1.158 3.545 3.098 -3.000 30.544
-2.002 -0.200 3.436 6.056 5.450 33.574
0.057 -0.200 3.370 1.173 -2.005 31.674
0.614 0.771 3.512 6.990 -0.617 42.925
-0.039 -0.177 2.993 -3.408 4.075 38.095
-0.363 -0.551 3.540 -0.023 2.043 38.712
0.000 -0.200 3.107 -0.328 -3.244 35.900
0.912 0.818 3.318 0.000 -10.024 34.891
0.000 0.161 3.333 2.967 -8.459 33.903
0.000 -0.200 3.370 1.069 -3.000 31.002
-0.295 -0.480 3.370 2.427 -1.061 26.422
-1.641 0.168 3.275 8.378 4.252 41.007
-1.277 -0.200 3.325 -15.010 1.886 37.280
-0.207 -0.466 3.578 0.000 -9.080 35.900
-3.009 0.209 3.370 -3.452 -0.679 35.900
0.422 0.192 3.234 0.274 -4.442 39.902
-0.059 0.122 3.087 1.133 1.143 33.327
0.922 -0.200 3.370 -2.183 -3.000 39.078
0.193 -1.485 3.370 1.141 -6.532 28.983
0.099 -0.751 3.370 -3.772 0.987 35.900
0.335 0.230 2.812 2.608 -3.000 40.798
1.462 -0.200 3.370 -4.229 -6.692 35.900
0.023 0.046 3.141 0.000 -1.014 39.765
0.000 0.091 2.956 0.000 -4.860 35.348
-0.018 -0.200 3.507 0.000 -1.928 35.900
-1.094 -0.341 3.597 0.000 -8.834 33.873
0.769 0.392 3.370 -8.054 -9.940 35.709
0.556 -0.364 3.370 0.781 1.531 32.206
0.000 -0.200 3.370 0.000 -3.000 35.900
0.000 -0.902 3.511 1.225 -12.462 27.777
-1.472 0.490 3.273 -6.182 -2.018 31.793
-0.248 -0.600 3.354 5.133 -4.536 32.509
-1.355 -0.640 3.370 -6.885 -3.478 38.691
0.349 -0.200 3.082 0.000 -3.000 33.244
0.638 -1.107 3.278 -0.698 -7.088 35.900
0.342 -0.455 3.394 0.000 -3.525 35.009
0.000 -1.367 2.659 0.861 -1.068 37.049
0.000 -0.518 3.625 0.000 -3.000 35.900
0.000 0.385 3.119 0.000 -3.000 35.900
0.000 -0.362 3.370 0.246 -5.905 39.520
0.614 -0.134 3.092 -2.501 -3.000 33.374
1.665 -0.570 3.309 1.962 -9.073 34.880
0.000 -0.185 3.122 -3.835 8.846 36.509
1.313 0.596 3.401 -0.455 -0.226 32.790
0.000 -0.537 3.493 5.684 -7.724 35.900
-0.453 -0.146 3.370 0.463 1.139 33.764
1.651 0.450 3.370 -0.545 -3.000 41.693
0.077 0.645 3.622 -2.606 -4.354 35.900
0.749 -0.875 3.370 -0.551 -8.946 33.619
-0.073 -0.129 3.630 0.000 -3.000 35.398
0.000 -0.200 3.386 1.936 -4.982 34.354
-0.403 -0.090 3.320 0.000 3.428 35.387
0.919 -0.200 3.037 -5.602 -4.835 37.143
-2.218 0.108 3.480 -0.852 13.861 33.878
-0.059 -0.200 3.558 1.555 -11.239 32.826
-0.665 -0.200 3.600 0.000 -14.733 35.900
-0.896 0.579 2.755 3.283 -16.365 44.355
-1.623 -0.389 3.655 -15.153 1.229 33.220
0.000 -0.200 3.700 3.629 -1.405 40.776
-0.658 -0.929 3.240 1.073 -3.000 35.900
0.752 -0.773 3.091 0.000 -3.000 31.561
-0.057 -0.578 3.217 0.000 -3.000 35.387
0.000 0.078 3.031 -5.859 -9.957 40.281
0.000 -0.357 3.766 -2.371 -2.084 45.327
-0.309 0.733 3.196 7.300 -1.082 37.070
0.000 -0.200 3.370 -2.661 -3.000 30.065
0.000 -1.203 3.370 -1.236 -2.835 35.546
0.261 -0.200 3.301 1.695 -5.304 35.900
0.462 -1.184 3.370 -6.098 -2.170 35.900
0.000 -0.614 3.213 0.000 8.667 35.900
-0.826 -0.776 3.370 -3.365 -3.000 36.125
-0.710 -0.592 3.410 2.730 3.316 34.161
0.816 0.522 3.370 3.799 -2.044 31.262
-0.582 -0.670 2.984 -1.316 -3.000 39.302
-0.152 -0.240 3.287 -2.280 -1.709 36.565
0.594 -0.554 3.604 0.768 -0.193 33.176
-0.488 0.434 3.370 -0.995 3.027 46.783
0.818 0.409 3.370 -7.188 4.487 28.173
0.000 -0.200 3.135 0.000 -7.673 34.137
-1.450 -2.019 3.776 3.132 6.155 30.967
0.310 0.363 3.366 0.000 -9.216 35.900
-0.409 0.642 3.448 0.827 -3.776 35.521
0.678 -0.240 3.354 -4.372 -7.534 31.738
-0.131 -0.768 3.684 -2.694 -8.401 36.520
0.091 0.168 3.410 5.973 -0.525 35.900
0.000 0.213 3.208 0.374 -3.000 41.746
0.259 -0.200 3.370 -0.336 3.818 34.356
0.000 -0.370 3.188 -3.036 -1.880 33.667
-0.840 -0.200 3.370 -4.900 -4.559 35.900
-0.085 0.034 3.370 0.000 -3.000 39.848
0.012 -0.200 2.957 5.903 -10.351 40.798
0.000 -0.680 3.154 -1.184 -10.267 31.209
0.000 0.513 3.003 0.000 3.571 35.670
0.000 0.082 2.831 0.367 -6.069 37.907
-0.309 -0.102 3.748 1.009 -7.330 42.055
0.000 -0.200 3.373 4.199 -1.838 30.630
0.808 1.285 3.702 4.391 -1.789 35.900
0.000 0.279 3.370 -4.556 -4.437 35.900
-0.219 -0.220 3.153 2.338 4.976 40.158
0.509 -0.375 3.370 2.048 -4.292 35.816
0.000 -0.593 3.090 3.770 -3.312 33.020
-0.955 -0.720 4.274 0.000 -6.234 25.018
0.000 -0.479 3.786 -1.211 -5.707 43.116
0.476 -0.343 3.257 0.000 3.050 35.900
-0.126 -0.409 3.490 3.406 -3.000 33.076
0.000 -0.200 3.624 -3.296 -3.000 32.653
0.361 -0.200 3.315 3.007 3.787 30.465
0.000 -0.200 3.370 -6.381 -1.749 35.900
0.000 -0.629 3.033 2.247 3.220 31.856
-0.773 -0.696 3.014 0.000 -1.050 35.900
-0.225 -0.026 3.219 -6.544 -4.659 38.413
-0.744 -0.828 3.041 3.132 -4.277 35.900
-0.339 -0.260 3.619 -3.405 4.313 35.900
-0.900 -0.200 3.370 0.000 -3.000 35.900
0.000 -0.177 3.370 -1.168 4.236 40.633
