0.000 -0.200 3.370 0.000 -3.000 35.900
0.000 -0.200 3.370 0.000 -3.000 35.900
-0.523 -0.200 3.370 0.000 -3.000 34.694
-0.342 -0.200 3.269 3.534 -8.520 39.960
0.000 -0.200 3.704 0.000 -3.000 35.900
-0.281 -0.200 2.933 -3.595 -3.187 35.900
0.000 0.231 3.935 0.000 -4.208 33.284
0.000 -0.161 3.370 0.000 -6.636 35.900
-0.476 -0.200 3.760 0.000 -3.000 36.747
0.000 -0.200 2.884 1.124 2.531 39.291
2.770 0.147 3.062 0.889 -2.911 35.813
0.000 -0.200 3.391 0.000 -3.000 38.001
0.000 -0.168 3.581 3.043 -3.000 35.900
0.079 -0.932 3.370 7.118 -1.899 33.375
0.694 -0.449 3.370 3.379 -0.463 43.123
0.000 -0.200 3.370 0.000 -3.000 35.900
0.746 -0.855 3.318 0.000 -3.000 35.900
0.274 -0.212 3.500 3.051 -3.000 37.041
-0.602 -0.200 3.289 0.000 -3.000 30.327
0.720 -0.200 2.860 4.134 -7.519 35.900
-1.557 -0.037 3.161 -1.954 2.100 29.357
0.000 0.147 3.370 1.896 -3.000 35.900
0.100 -0.142 3.406 -7.995 -1.289 36.561
0.000 -0.200 3.370 0.000 -3.000 35.900
0.000 -0.200 2.973 0.000 -10.382 37.310
-0.633 -0.200 3.370 2.892 -3.000 35.900
0.619 -0.843 3.370 0.000 -5.800 35.900
0.000 -0.989 3.118 0.000 5.541 37.621
0.329 0.349 3.335 -2.073 -3.374 35.900
0.000 -0.200 3.370 0.000 -3.000 35.900
-0.842 0.071 3.572 0.000 -9.309 36.337
0.000 -0.698 3.370 -2.196 -9.821 35.900
0.000 -0.200 3.370 0.000 -3.000 35.900
-0.399 0.480 3.370 0.000 2.460 34.303
0.317 0.279 3.157 0.000 -3.000 40.994
0.000 -0.200 3.370 0.000 -3.000 35.900
0.000 -0.685 3.760 0.000 -10.416 32.940
-0.660 -0.590 3.370 0.000 1.402 35.900
0.000 -0.104 3.370 0.000 -3.000 36.561
0.000 0.494 3.229 -1.023 1.880 35.900
0.000 -0.200 3.370 0.000 2.345 35.900
0.000 -0.422 3.268 0.000 2.562 35.900
0.798 -0.444 3.370 0.702 -3.000 34.253
0.000 -0.200 3.370 0.000 -3.000 35.900
0.261 -0.163 3.280 4.627 -9.908 32.886
-0.451 -0.200 3.370 6.976 -3.000 32.093
0.544 -1.092 3.969 2.361 -5.957 33.337
0.000 -0.200 3.370 -5.386 -3.000 35.900
-0.427 -0.063 3.241 1.293 9.323 35.900
1.063 -0.200 3.250 2.069 -3.000 35.900
-0.384 -0.200 3.434 0.000 -3.000 39.838
0.461 -0.200 3.019 -2.970 -6.189 28.645
-0.876 -0.200 3.090 3.475 -3.000 35.900
-0.313 0.308 3.470 1.338 -6.546 41.053
0.000 0.383 3.370 0.000 -3.000 36.321
0.411 -0.200 3.711 1.101 -3.000 35.900
-0.025 -0.200 3.340 0.000 2.445 30.061
-0.188 -0.858 3.370 -3.019 3.113 31.628
0.234 -0.435 3.263 0.000 8.928 35.900
-0.083 -0.215 3.370 -0.685 1.423 31.362
0.267 -0.200 3.370 0.000 -8.533 36.623
0.000 -0.200 3.560 0.000 -3.000 35.900
0.000 -0.463 3.908 6.466 -5.659 35.900
-0.654 -0.030 3.349 0.000 -3.000 35.900
-0.076 -0.006 3.370 0.000 -3.000 35.900
0.000 -0.306 3.386 0.000 -8.228 42.135
0.000 -0.200 3.370 4.619 -3.000 35.900
-0.840 -0.200 3.370 0.000 -3.000 30.805
-1.131 -0.200 3.370 0.000 -3.000 35.900
-0.437 0.114 3.387 4.140 -3.000 35.900
0.000 -0.694 3.590 0.000 -3.000 35.900
0.038 -1.272 3.779 7.564 -0.475 35.900
-0.221 -0.359 3.239 0.000 -3.000 35.900
1.741 -0.200 3.370 0.000 -3.000 38.988
-0.627 -0.297 3.046 -5.694 -9.691 35.900
0.000 -0.200 3.411 -3.589 -3.000 35.900
-1.365 -0.020 3.479 -2.918 -9.974 32.086
0.887 -0.491 3.370 0.000 -3.000 35.900
-0.036 -0.028 3.370 5.972 -3.000 45.511
0.000 -0.200 3.370 0.000 -3.000 34.240
0.000 -0.027 3.649 2.086 -3.000 36.820
-0.522 -0.200 3.153 -8.651 1.987 39.284
1.043 0.172 3.575 -2.994 4.053 36.607
0.562 -0.764 3.573 -3.558 -3.000 34.338
0.000 -0.294 3.370 0.000 -0.677 32.937
-0.417 -0.200 3.692 0.000 -3.000 36.573
0.000 -0.200 3.333 0.000 2.879 35.900
0.000 -0.200 3.596 0.000 -4.543 38.791
0.030 -0.310 3.370 -1.149 -3.000 35.900
0.886 0.225 3.332 2.862 7.177 33.826
0.000 -0.200 3.505 0.000 -3.000 37.649
0.000 0.139 3.369 2.245 -3.000 35.900
0.058 -0.193 4.258 -3.102 9.231 30.237
0.526 -1.542 3.583 0.742 -8.248 35.900
-0.645 -0.200 2.991 0.000 -9.864 33.986
-0.491 -0.455 3.370 4.285 3.746 39.531
0.834 -0.200 3.076 6.564 -3.315 39.827
0.243 -1.566 3.370 -4.103 4.329 31.129
0.000 -0.200 3.684 4.014 -2.611 26.017
0.000 -0.216 3.370 0.000 -3.000 40.729
-0.251 0.405 3.682 0.923 -3.000 35.900
0.000 -0.200 3.397 4.412 -6.353 35.900
-0.607 -0.690 3.370 3.575 -4.221 35.900
0.741 -0.200 3.101 -1.658 -3.134 34.215
0.000 -0.687 3.370 3.573 -3.000 43.691
0.515 0.292 3.370 -1.403 -8.127 35.900
0.818 -0.200 3.221 -3.822 -2.958 35.900
0.000 -0.383 3.370 -0.042 -3.955 34.801
0.000 -0.200 3.370 0.000 -0.148 35.900
0.000 -0.200 3.370 0.000 -3.000 35.900
0.000 -0.200 3.370 0.000 0.440 37.649
-0.760 0.354 3.370 0.000 -3.000 35.900
0.000 -0.740 3.220 0.000 -10.059 40.274
-0.950 -1.303 3.370 -1.961 -3.000 35.900
0.787 -0.200 3.549 -0.988 2.872 29.806
0.000 -0.200 3.181 0.000 -3.000 36.533
-0.276 -0.293 3.370 0.000 -3.000 35.900
0.000 -0.444 3.099 0.000 -6.249 42.361
0.000 -0.200 3.370 4.016 -3.000 35.900
-0.199 0.669 3.405 0.000 -0.964 34.739
1.023 -0.384 3.234 1.816 -1.114 35.011
-0.839 0.726 3.612 0.000 -3.000 35.900
-0.498 -0.200 3.370 0.000 -7.490 35.291
0.000 -0.200 3.370 0.000 -3.000 34.511
0.720 -0.288 3.370 0.000 -3.000 42.973
0.000 -0.200 3.370 0.000 -6.181 30.412
0.000 -0.200 3.370 2.567 -3.000 33.812
-0.414 0.819 3.063 0.000 -3.000 35.222
0.381 0.276 3.148 0.725 -6.741 35.900
0.000 -0.200 3.332 4.672 -7.031 39.689
0.934 -0.435 3.769 0.000 3.831 29.286
0.000 -0.434 3.370 -1.921 4.392 31.457
0.036 -0.593 3.654 -2.566 3.307 39.742
0.000 0.966 3.072 3.252 -1.178 35.900
0.509 0.614 3.356 -3.066 -3.425 35.900
0.000 -0.200 3.370 0.000 -3.000 36.614
0.000 -0.200 3.370 0.000 -3.000 37.276
-1.738 0.291 3.472 -9.054 -3.000 36.422
0.000 -0.200 3.370 0.000 -3.000 35.900
-0.606 -0.200 2.986 0.000 -3.000 35.900
0.000 -0.200 3.240 0.000 -6.754 35.900
-1.365 0.128 3.200 -3.280 2.309 36.518
-0.571 -0.200 3.344 0.000 -3.000 38.611
-0.383 -1.073 3.370 -5.136 -4.259 33.277
0.000 -0.200 3.370 -0.085 -6.125 35.900
2.286 -0.936 3.056 -3.775 -3.417 46.849
1.139 -0.200 3.098 -2.164 5.418 40.289
0.000 -0.141 3.370 0.000 -3.000 35.900
0.593 -0.032 3.191 0.000 2.856 38.942
-0.874 -0.200 3.092 0.000 -3.000 35.900
0.644 -0.634 3.241 -4.976 -5.097 32.022
-0.748 -0.430 3.370 -0.705 -3.000 34.760
0.000 -0.200 3.153 1.796 -7.492 35.900
-0.093 0.207 3.064 -1.292 -1.509 32.934
0.000 -0.777 3.370 0.000 -3.000 35.900
0.000 -0.196 3.205 -1.508 -5.558 36.896
-0.606 -1.299 3.077 6.232 6.900 39.602
0.663 -0.735 3.205 0.939 -3.000 37.044
1.436 -0.445 3.131 0.000 -3.000 35.232
0.000 -0.200 3.370 0.000 -3.000 39.057
-0.203 0.242 3.370 -2.440 -0.856 35.900
0.000 -0.200 3.239 -1.879 -3.042 35.900
0.000 0.259 3.370 1.473 8.666 35.900
0.000 -0.200 3.313 -4.910 -3.000 42.555
0.000 -0.041 3.370 3.309 -3.000 37.462
0.000 -0.292 3.453 -3.520 -3.000 35.900
0.090 -0.200 3.370 -2.385 -8.261 36.137
-0.706 -0.771 3.370 -0.468 -1.355 34.924
0.702 -0.374 3.549 4.449 -1.632 36.780
0.000 -0.200 3.370 0.000 -3.000 35.900
0.069 0.274 3.370 -2.823 -3.000 38.251
1.050 0.015 3.595 -2.012 -1.995 35.900
1.368 -0.200 3.382 5.480 -2.461 35.484
0.566 -0.895 3.370 1.599 -3.000 35.900
1.294 -0.326 3.275 0.000 -9.091 33.724
0.159 -0.126 3.092 0.000 -4.106 39.446
0.000 -0.338 3.370 4.726 -0.089 42.208
0.000 -0.200 3.370 0.000 -3.000 35.900
-0.758 -0.566 3.642 -1.721 -3.000 41.511
-0.562 -0.200 3.168 -2.482 3.973 27.768
0.000 -0.200 3.370 0.000 -3.000 35.900
-0.089 -0.408 3.370 -0.668 -3.000 35.900
-0.120 -0.200 3.370 0.000 -3.000 35.900
0.823 -0.200 3.449 -0.473 -3.000 33.421
2.344 -0.359 3.659 -2.235 3.342 36.249
-0.087 0.715 3.550 -0.072 2.270 35.900
-0.052 -0.264 3.370 0.000 -3.000 40.875
-0.014 -0.200 3.510 4.345 0.178 35.900
0.000 -0.404 3.370 0.000 -3.000 35.900
0.000 -0.144 3.370 4.202 -3.000 35.900
0.000 -0.200 3.449 -2.340 -3.000 35.900
0.277 -0.699 3.429 6.587 -9.736 35.427
0.000 -1.036 3.549 0.000 1.708 35.900
2.087 0.374 3.370 -6.206 -8.587 41.424
0.000 0.034 3.320 -0.941 -2.530 35.900
0.000 -0.200 3.493 0.000 -3.000 32.849
0.294 -0.825 3.370 0.000 -3.000 35.900
0.000 -0.200 3.370 3.925 4.119 35.900
-0.671 -0.200 3.292 0.000 0.217 35.900
0.000 -0.714 3.370 0.000 1.759 37.930
-0.146 -0.139 3.370 -1.735 -1.336 37.666
-0.779 -1.162 3.370 7.795 -4.783 35.900
0.000 -0.200 3.227 0.000 -8.479 36.965
0.539 0.057 3.370 0.000 -3.000 38.351
0.000 -0.200 3.370 -6.019 -3.000 33.347
0.063 -0.072 3.303 0.000 -0.337 36.986
0.000 -0.200 3.370 0.000 -3.000 35.900
0.000 -0.248 3.347 -1.441 -8.918 35.900
0.205 -0.200 2.990 0.000 -1.027 35.900
0.000 -0.200 3.370 0.000 -3.000 35.900
0.840 -0.101 3.370 0.000 -5.091 35.900
-0.207 -0.687 3.397 -4.054 -6.337 36.780
0.000 -0.625 3.370 2.584 0.780 33.879
0.014 -0.200 3.529 -2.560 -3.000 34.547
1.385 -0.200 3.370 0.000 -3.000 35.401
0.000 -0.703 3.425 -0.117 -9.787 35.900
0.027 -1.114 3.334 -1.408 -3.000 39.456
0.000 -0.200 3.370 0.000 -3.000 35.900
0.902 -0.200 3.719 -4.054 -2.976 35.900
0.000 -0.380 3.127 0.000 -3.000 34.525
-0.520 -0.200 3.370 0.000 -6.185 32.018
0.000 -0.175 3.719 0.000 0.863 37.611
-0.421 -0.200 3.370 0.000 -3.000 35.900
0.000 -0.200 3.005 4.298 -7.437 35.900
0.214 -0.699 3.454 -1.026 -0.042 35.900
-0.362 0.281 2.874 1.063 -12.814 38.180
1.203 -0.200 3.370 8.843 -3.000 37.119
0.000 -0.200 3.370 1.797 -7.075 31.709
0.462 -0.200 3.293 0.756 -1.317 34.921
0.557 -0.200 3.495 1.174 -9.186 33.140
0.000 0.815 3.370 -3.333 3.185 31.670
0.000 -0.200 3.124 1.850 1.482 35.900
0.000 -0.200 3.553 7.768 -5.247 34.740
0.248 -0.141 3.370 2.583 -3.544 47.976
0.490 -0.783 3.370 0.000 -3.000 35.699
0.000 -0.200 3.370 -3.147 -3.000 35.900
0.000 0.649 3.534 0.122 0.460 29.663
0.587 -0.695 3.379 0.081 -3.000 35.085
0.091 -0.186 3.311 0.000 -1.704 37.570
0.000 -0.798 3.370 4.173 -3.167 35.900
0.000 0.234 3.683 1.956 -9.836 36.279
-0.167 -0.200 3.370 0.000 2.859 38.329
0.292 -0.478 3.341 0.000 -10.288 31.710
-0.992 -0.200 3.395 -2.605 3.708 46.894
0.012 0.121 3.133 -1.160 4.111 39.040
-1.456 0.619 3.548 0.000 -3.000 37.083
0.834 -0.200 3.652 -2.689 -3.000 35.129
0.399 -0.200 3.242 -0.134 8.078 42.518
0.598 -0.008 3.034 0.690 -3.977 37.387
-0.120 -0.407 3.370 0.000 -0.444 38.973
0.000 -1.065 3.542 -4.098 -7.332 36.461
0.000 -0.200 3.577 3.086 -2.020 37.857
0.000 0.430 3.294 -12.579 -3.000 34.131
-0.164 -1.435 3.522 3.451 3.184 46.138
0.000 0.370 2.917 0.000 -3.312 37.635
-0.063 -0.011 3.370 0.000 -3.000 35.900
-0.375 -0.541 3.370 -1.385 -3.000 33.206
0.010 -0.140 3.556 -2.248 -6.915 30.814
0.000 0.228 3.370 1.593 -3.000 37.561
0.000 -0.005 3.600 0.284 1.445 35.900
-0.266 -0.200 3.370 0.000 -3.000 35.900
0.000 -0.200 3.370 0.000 -2.130 35.900
0.749 0.178 3.370 0.000 -3.000 35.900
0.000 -0.034 3.370 0.000 -1.504 45.226
0.000 0.402 3.310 0.000 -3.000 43.668
0.571 -0.200 3.370 2.802 -3.000 35.900
0.972 0.020 3.754 0.799 3.316 35.900
0.413 -2.204 3.370 6.120 2.134 35.179
-0.928 0.141 3.370 0.000 -3.000 43.787
-0.679 -1.129 3.135 -4.020 3.969 35.900
-0.051 -0.200 3.346 0.000 3.421 35.900
2.280 0.165 2.647 0.000 -6.926 35.798
0.000 -1.351 3.371 0.000 3.770 35.220
0.000 -0.200 3.370 0.000 -3.000 35.900
1.869 -0.200 3.370 -7.505 -3.000 33.436
-0.113 0.067 3.415 0.000 -0.244 35.900
-0.512 -0.200 3.484 3.478 -4.287 36.417
-0.648 0.289 3.027 0.000 -0.417 35.900
-0.302 -1.046 3.144 3.610 -4.063 37.502
-0.643 -0.771 3.370 -4.701 -9.262 42.581
-0.684 0.159 3.515 -4.172 7.454 30.906
0.123 -0.138 3.305 2.576 -3.000 41.278
1.022 0.157 3.131 0.000 -2.520 35.900
0.441 0.112 3.370 0.107 -3.000 39.848
0.000 0.175 3.370 -0.527 -3.000 42.204
0.000 0.206 3.572 2.578 3.984 33.898
0.000 -0.582 3.659 3.813 -4.103 39.062
0.760 0.444 3.370 3.238 2.317 32.831
-0.263 -0.200 3.370 3.024 -3.000 41.519
0.000 -0.200 3.370 0.000 -3.000 35.900
0.000 -0.200 3.446 -4.659 1.162 35.165
0.000 -0.200 3.681 -3.497 -3.000 35.900
0.000 0.389 3.370 0.000 -3.000 35.900
0.000 -0.200 3.342 -0.374 -3.000 27.592
-0.503 -0.200 3.370 0.000 -1.105 36.311
0.500 -0.200 3.802 0.000 -0.933 35.900
0.000 -0.200 3.496 -4.053 -4.710 39.690
0.000 -0.436 3.370 4.090 -3.000 35.900
-0.266 -0.200 3.370 -2.189 4.330 30.443
-0.257 -0.451 3.370 -1.494 1.397 35.900
0.565 -0.200 3.598 -5.307 -1.417 35.900
-0.045 -0.200 3.137 -0.733 -2.465 38.288
0.625 -0.200 3.372 -0.481 -3.000 28.634
0.949 -0.187 3.370 2.104 -3.000 31.375
0.177 -0.200 3.370 4.744 0.969 34.057
0.000 -0.337 3.370 4.253 1.527 38.255
0.907 0.015 3.787 0.000 -2.092 35.900
0.662 0.891 3.222 0.455 -8.068 35.900
0.000 -0.811 3.370 -3.985 1.422 35.900
0.000 -0.200 3.370 -2.886 -6.400 35.900
0.000 -0.200 3.390 0.000 -3.000 35.900
-0.404 -0.200 3.633 -0.648 -3.000 40.723
0.144 -0.053 3.121 0.000 -6.627 35.844
0.369 -0.228 3.536 -2.520 -7.508 35.311
-0.240 -0.221 3.162 -5.137 -1.873 39.447
-0.041 -0.607 3.276 0.000 -3.000 35.708
0.382 -0.183 3.370 0.000 -3.000 30.545
0.000 0.918 3.370 0.000 -5.383 35.334
0.918 -0.200 2.957 -7.825 -3.000 37.977
-0.264 -0.200 3.370 -4.577 5.924 32.261
0.424 -0.200 3.566 0.000 -3.000 31.108
0.000 -0.200 3.061 -2.850 -9.100 32.030
0.000 -1.351 3.370 0.000 -3.000 33.735
0.000 0.597 2.889 -1.848 -3.000 35.897
0.666 0.250 3.359 1.841 1.391 34.086
-0.443 0.461 3.370 0.000 -3.000 35.900
0.643 -0.200 3.614 0.000 0.152 35.900
0.027 0.364 3.060 0.000 -3.000 30.309
0.132 -0.200 3.370 -0.365 -0.391 35.900
-0.181 -0.863 3.370 0.000 -8.575 35.900
-0.637 -0.200 3.461 0.000 -3.000 35.900
-0.595 -0.200 3.370 0.000 -5.075 33.769
0.583 -0.246 3.370 0.021 -3.000 37.148
-1.161 -0.854 3.404 3.555 3.145 39.608
0.000 -0.612 3.370 0.000 -3.000 39.879
0.000 -0.658 3.388 0.000 -10.280 38.795
0.410 -0.200 3.370 0.000 -3.000 37.260
0.314 -0.200 3.304 0.000 -4.468 29.497
0.000 -0.200 3.370 4.268 -1.258 46.293
-0.676 -0.200 3.092 0.000 0.200 35.900
0.661 -0.200 3.584 0.773 -14.580 35.900
0.000 0.094 3.370 -1.841 -3.000 29.733
-0.333 -0.200 3.370 0.000 -9.193 39.823
-0.523 -0.200 3.659 -2.906 -9.563 33.643
0.000 -0.200 3.370 0.000 -3.000 35.900
0.303 -0.814 3.145 0.000 -7.370 35.900
0.305 -0.200 3.370 -2.284 -3.000 35.900
-0.418 -0.681 3.370 0.310 -3.000 35.053
-0.739 -0.200 3.370 -6.282 -0.561 34.088
-1.854 -0.036 3.227 6.388 -0.946 42.929
-0.212 -0.173 3.370 -1.152 -3.000 36.583
-0.708 -0.790 3.599 0.000 -3.850 34.783
0.405 -0.266 3.370 -2.639 -3.000 35.900
0.000 0.177 3.370 1.261 -3.362 37.914
0.055 -0.274 3.720 -3.946 3.218 35.900
0.000 0.040 3.697 -5.202 -7.202 31.383
-0.776 0.462 3.511 0.000 -4.840 29.348
-0.203 -0.200 3.133 -4.394 4.677 35.900
0.000 -0.200 3.370 0.000 -3.000 35.900
0.000 -0.034 3.540 -5.681 -3.000 35.900
0.186 -0.200 3.448 0.000 -3.000 34.138
-0.444 -0.144 3.107 0.000 -10.304 31.770
0.230 0.331 3.370 0.000 -3.795 35.900
-0.163 -0.177 3.453 3.218 4.642 31.231
0.000 -0.694 2.842 -0.585 -4.877 31.774
-1.034 -0.200 3.370 4.355 -3.000 40.295
-0.579 0.245 3.801 3.259 -3.000 33.422
-0.347 -0.270 3.381 -1.809 -1.260 26.774
0.112 -0.200 3.095 0.000 -4.936 35.139
-0.289 0.475 3.370 3.004 -5.133 35.900
-0.266 -0.200 3.370 4.744 -3.000 39.934
-0.167 0.537 3.124 0.000 -7.129 35.900
0.445 -0.079 3.019 -3.463 -3.000 35.900
-0.791 -0.200 3.668 5.430 -3.000 33.190
0.000 -0.200 3.176 0.000 4.440 32.383
0.000 -0.200 3.370 0.000 -3.000 36.177
-0.285 -0.102 3.744 0.000 -3.000 36.240
0.000 -0.245 3.589 0.000 -6.715 34.602
-0.516 0.117 3.370 0.000 -3.000 34.881
0.000 -0.200 3.258 0.000 4.032 38.955
0.000 -0.200 3.322 1.322 1.552 35.900
-0.071 -0.200 3.412 1.147 -9.998 35.900
0.690 -0.761 3.398 -1.093 -2.596 36.568
0.603 -0.200 3.370 0.000 -6.852 35.900
-0.243 -0.200 3.634 0.003 -5.325 35.900
0.000 -0.080 3.658 0.000 -0.173 36.463
0.402 -0.200 3.596 4.738 -11.282 34.438
0.000 -0.677 3.370 3.902 -3.000 34.180
0.000 0.120 3.370 -0.108 -8.436 39.567
0.411 -0.447 3.370 -1.359 -5.078 31.386
0.000 -0.135 3.370 0.000 -3.000 35.900
-0.439 -0.091 3.370 1.051 -3.000 32.295
0.405 -0.102 3.370 -2.506 1.243 32.261
0.000 -0.200 3.370 4.845 -3.000 34.986
0.591 -0.200 3.370 -0.329 5.512 30.013
0.355 -1.127 3.199 -5.082 7.274 42.253
-0.324 -0.110 3.811 -2.643 -0.426 32.237
-0.128 -0.200 3.370 0.000 -3.000 38.168
0.000 -0.200 3.370 0.000 -3.000 35.900
0.000 -0.445 3.370 0.000 2.153 35.900
0.000 -0.145 3.370 -0.148 -6.326 35.900
-1.022 -0.200 3.370 0.000 1.612 40.778
0.000 -0.255 3.370 2.842 -2.413 35.900
-1.515 -0.070 3.381 0.000 -3.000 30.786
0.294 0.272 3.370 0.000 -2.471 30.139
0.000 0.312 3.370 -2.299 -3.000 28.233
0.190 -0.358 3.703 -4.839 -5.723 35.900
0.000 -0.837 3.610 3.723 -3.000 35.900
0.000 -0.200 3.035 0.623 -3.000 36.377
0.528 -0.200 3.657 -0.310 -3.000 35.900
0.349 0.178 3.553 -8.560 -3.000 35.031
0.637 -0.821 3.121 0.466 -2.687 35.900
0.185 0.446 3.602 2.665 -4.806 49.995
0.000 -0.200 3.370 0.000 -3.000 35.900
0.793 -0.200 2.977 0.000 4.172 37.831
-0.611 -0.200 3.079 7.080 -3.000 33.051
0.000 -0.200 3.370 4.299 -0.798 40.279
-0.647 -0.791 3.315 0.000 -3.000 37.446
0.783 -0.161 3.166 -2.402 -8.022 26.760
-0.223 0.456 2.800 -4.871 1.986 36.416
-0.403 -0.672 3.370 2.205 -3.864 41.731
-0.263 0.166 3.370 0.000 -3.000 29.624
0.000 0.006 3.370 1.914 3.784 35.900
0.989 -0.623 3.064 0.000 -3.000 37.931
0.007 -0.200 3.370 -0.592 -5.511 35.113
0.000 -0.918 3.566 0.000 -3.000 35.900
-0.001 0.218 3.370 -1.008 -5.107 35.900
0.000 0.130 3.370 0.000 -9.572 40.516
-0.389 0.206 3.370 0.000 -10.733 35.900
0.000 -0.241 3.234 0.969 1.444 36.185
-0.715 -0.200 3.578 0.000 5.813 37.204
0.000 -0.200 3.601 2.431 -2.010 35.900
0.469 -1.290 3.123 4.660 -3.000 27.283
1.025 -0.200 3.699 0.000 -4.452 35.036
0.000 -0.057 3.370 0.000 -3.737 35.900
-0.007 -0.200 3.370 0.000 -1.561 35.476
-1.037 -1.004 3.089 -3.424 -9.729 55.973
0.000 -0.200 3.370 0.000 -3.000 35.900
0.700 -0.200 3.587 0.000 5.398 38.054
-0.853 -0.510 3.370 0.000 -3.000 34.134
0.000 0.060 3.571 0.000 -5.172 39.690
0.000 -0.512 3.172 3.709 -5.975 35.900
-1.119 -0.200 3.765 0.000 -3.000 35.900
0.000 -0.089 3.370 0.000 -3.000 35.900
1.063 -0.092 3.370 -4.963 -4.208 34.407
-0.773 -0.145 3.539 -2.769 -0.843 29.883
0.000 0.180 3.542 0.000 -3.000 35.900
0.000 -0.200 2.902 -1.616 -6.045 35.900
1.298 -0.384 3.078 0.856 1.196 35.900
-0.549 0.192 3.623 3.038 -7.804 28.505
-1.011 -0.200 3.485 -5.500 1.342 35.900
-0.695 0.079 3.302 5.224 -0.670 39.727
0.000 -0.200 3.679 0.000 -3.000 35.900
0.000 -0.200 3.370 0.000 -3.000 35.900
0.000 0.173 3.430 0.000 -2.859 32.543
0.000 -0.200 3.370 0.000 -3.000 35.900
0.534 -0.597 3.370 0.000 -3.000 35.900
0.197 -0.153 3.370 0.000 -5.579 33.674
-0.055 -0.410 3.467 -0.470 -0.725 34.648
0.000 -0.200 2.933 0.000 -3.000 35.900
-2.591 -0.200 3.412 0.000 -3.000 29.807
0.000 -0.571 3.370 0.000 -5.276 37.450
0.000 0.055 3.199 0.571 3.447 35.900
0.000 -0.200 3.085 0.000 1.647 42.337
0.000 -0.200 3.456 0.000 -3.000 39.277
0.824 -0.364 2.978 -3.131 -5.675 30.364
-0.174 -0.247 3.531 -4.371 -9.628 33.246
0.000 -0.694 3.911 0.000 -3.000 40.694
-0.025 -0.200 3.370 -5.867 -1.961 35.900
0.000 -0.718 3.478 -4.249 2.517 35.799
0.060 0.008 3.200 -2.122 0.620 35.900
0.000 -0.200 3.255 4.067 -3.000 34.099
-0.288 -0.354 3.084 4.828 -8.047 42.758
0.172 0.253 3.347 0.000 -1.641 35.900
0.000 -0.172 3.370 4.666 4.912 36.455
0.000 -0.043 3.183 0.271 -3.000 40.975
0.000 -0.829 3.044 0.000 -6.051 35.900
-0.519 -0.200 3.413 2.002 3.942 40.303
-0.708 -0.709 3.370 1.042 -3.000 30.567
0.000 -0.200 3.488 0.000 -5.816 31.700
0.125 -0.196 3.370 -0.032 -12.599 35.900
-0.560 0.348 3.547 4.177 2.917 35.900
0.318 0.091 3.347 -3.471 -3.000 35.900
0.147 -0.457 3.402 -3.691 -1.068 30.644
0.948 -0.744 3.370 2.218 -7.914 38.954
-1.081 -0.032 3.370 -4.105 -2.672 41.540
0.504 0.002 3.330 0.000 -3.000 33.747
0.000 -0.200 3.429 0.000 -3.000 36.287
-1.095 -0.457 3.096 4.474 -6.883 36.582
0.000 -0.440 3.370 4.789 -3.605 35.900
-0.422 -0.200 3.422 5.299 5.244 35.900
0.000 0.040 3.014 6.059 -3.000 31.023
0.991 -0.190 3.398 0.000 -6.336 40.922
-0.257 -0.200 3.341 1.203 -3.000 35.783
-0.092 -0.706 3.271 0.000 -3.000 35.900
0.000 -0.200 3.392 0.000 -4.075 35.900
-0.595 -0.574 3.234 -3.168 2.683 31.023
0.383 0.113 3.845 0.000 -7.925 32.964
-0.314 0.208 3.521 3.959 -3.000 35.900
-0.094 -0.118 3.370 0.000 -3.000 35.900
0.559 -0.200 3.449 4.022 -0.842 37.967
0.046 -0.269 3.222 2.360 -2.465 30.369
-0.056 -0.539 3.232 0.852 -3.000 35.900
0.000 -0.200 3.477 5.857 5.077 38.779
0.000 -0.200 3.624 0.000 -3.000 35.900
0.155 -0.200 3.708 2.353 1.932 35.900
-1.501 -0.200 3.045 5.686 -8.266 36.370
0.541 0.148 3.610 0.648 -2.714 35.900
0.000 -0.200 3.370 0.000 -1.850 35.900
0.000 -0.200 3.370 0.000 -7.636 35.900
0.000 -0.200 3.370 0.000 -3.000 41.344
0.000 -0.248 3.393 0.000 1.336 35.900
1.297 -0.200 3.370 0.000 -0.431 32.907
0.441 0.003 3.691 0.000 -0.046 35.900
-0.192 0.194 3.583 0.000 2.139 34.664
-0.232 -0.037 3.418 -1.100 -0.684 39.325
-0.377 0.124 3.320 3.236 6.332 41.421
-0.755 -0.673 3.231 -4.251 -2.120 40.079
-0.595 0.019 3.427 -5.540 -3.000 38.709
-0.446 0.002 3.370 1.263 -6.500 35.900
0.000 -0.432 3.370 0.000 -0.112 38.560
0.000 -0.381 3.240 0.000 -3.000 31.128
-0.598 -0.200 3.370 3.490 1.869 35.900
0.356 -0.157 3.249 -2.033 -3.083 37.114
-0.604 0.258 3.594 0.000 -3.000 33.000
0.003 -1.011 3.370 3.179 -14.320 37.399
0.000 -0.200 3.694 0.000 7.092 31.010
0.000 -0.200 3.588 0.000 4.648 27.093
0.000 -0.200 3.569 0.000 -3.000 35.900
-0.456 -0.337 3.219 -3.171 -3.000 34.861
0.426 0.340 3.002 0.000 -5.134 35.900
0.000 -0.200 3.370 -5.262 2.011 37.005
0.754 -0.694 3.884 0.000 -3.000 35.900
0.948 0.206 3.545 0.000 -3.000 33.792
0.000 -0.200 3.370 0.000 -3.000 35.900
0.000 -0.200 3.370 0.000 -3.000 35.900
0.000 -0.228 3.539 0.000 -6.321 35.900
0.000 -0.200 3.370 0.000 -3.000 39.568
-1.203 -0.743 2.844 0.818 -3.000 35.900
0.000 -0.200 3.370 0.000 -3.000 35.900
-1.541 0.125 3.370 0.000 -4.114 37.744
-0.434 -0.834 3.032 10.559 6.226 34.463
0.694 -0.200 3.370 0.000 -3.000 35.900
0.291 -0.248 3.370 2.620 -3.000 35.900
0.562 -0.149 3.171 2.149 5.321 29.532
-0.641 -0.689 3.370 -7.823 -7.918 43.558
-0.437 -0.200 3.486 0.000 -3.000 35.900
0.000 -0.200 3.370 0.000 -3.000 35.900
-0.420 -0.493 3.370 3.605 -3.000 37.951
0.246 0.058 3.563 3.082 1.880 38.526
-0.486 -0.441 3.712 4.671 -2.936 39.574
0.000 -0.200 3.208 0.000 -3.145 35.900
0.850 -0.200 3.370 -9.021 0.541 41.188
0.129 -0.571 3.370 5.261 -1.161 36.927
-0.374 -0.630 3.370 2.228 -5.454 33.176
1.341 -0.872 3.370 0.000 2.097 35.900
-0.532 -0.657 3.370 4.958 -3.000 41.170
0.942 -0.388 3.370 -8.167 -5.027 35.900
0.258 0.205 3.026 2.480 -3.000 35.900
0.340 -0.963 3.698 -0.986 12.199 34.078
-0.172 -0.692 3.516 0.000 -0.336 35.900
0.000 -0.200 3.370 0.000 -3.000 35.900
0.000 -0.200 3.747 -4.036 -0.812 33.698
-0.481 -0.200 3.667 -2.943 -3.000 41.622
0.392 -0.200 3.388 5.189 -0.060 38.487
0.000 -0.200 3.370 0.000 -3.000 42.424
0.000 0.526 3.805 4.256 -3.000 38.089
0.000 -0.870 3.484 -3.338 -0.545 31.594
0.731 -0.959 3.562 0.000 -9.450 35.900
0.031 -0.200 3.383 0.000 -4.133 35.900
0.895 -0.200 3.608 0.000 -3.000 39.403
0.000 -0.440 3.370 -1.006 -9.356 35.900
0.000 -0.200 3.370 0.000 -3.000 35.900
0.000 -0.200 3.370 0.000 2.985 35.900
0.237 -0.200 3.370 0.000 -1.799 33.583
-0.321 0.350 3.522 3.379 -3.000 35.900
0.000 -0.200 3.272 0.186 -3.000 31.370
0.000 0.488 3.370 2.525 -3.000 40.300
0.000 -0.200 3.370 0.000 -3.000 35.900
0.000 -0.200 3.370 0.000 -8.107 38.721
0.278 -0.200 3.597 -1.229 -3.979 35.942
-0.563 -0.682 3.477 0.000 -3.428 36.453
0.000 0.477 3.133 0.000 -3.000 35.900
-0.352 -0.200 3.370 -5.263 3.395 43.020
-0.708 -0.862 3.370 4.391 2.482 40.735
0.000 -0.200 3.190 0.000 -3.000 33.829
0.774 0.211 3.117 6.027 -8.210 35.219
0.653 -1.243 3.370 0.000 -3.000 35.340
0.647 -0.200 3.069 0.000 -2.719 33.133
1.057 -0.200 3.370 0.000 1.866 35.900
-0.836 -0.059 3.093 0.000 -3.000 35.900
0.898 -0.209 3.370 0.151 -3.000 35.900
-1.256 0.483 3.208 1.887 -2.596 31.593
0.091 0.109 3.081 0.720 -3.000 34.638
0.846 -0.324 3.370 2.607 -3.000 34.001
-0.140 -0.451 3.563 -2.292 2.147 35.900
0.000 0.155 3.370 4.350 -3.000 28.282
-0.230 -0.477 3.472 0.000 0.716 35.900
0.000 -0.114 3.370 3.977 1.934 35.900
0.000 0.595 3.095 6.743 0.086 35.900
0.268 -0.227 3.552 0.000 -3.000 31.166
0.000 -0.648 3.218 0.000 -3.000 35.900
-0.686 -0.507 3.370 2.623 -0.367 35.900
-0.368 -0.155 3.129 0.691 -3.368 39.420
0.000 0.197 3.370 -2.001 -3.000 30.298
0.621 -0.200 2.622 0.911 3.078 35.900
0.000 -0.121 3.339 1.230 -4.881 32.099
-0.168 -0.575 3.412 -0.579 -3.000 39.703
-0.271 -0.716 4.066 -5.150 -3.808 29.715
0.765 -0.277 2.949 2.056 4.021 40.452
-0.361 -1.043 3.666 1.234 -3.000 42.779
-0.919 -0.200 3.370 0.000 -3.000 35.900
-0.491 0.722 3.577 -8.687 -0.138 36.523
0.845 -0.200 3.240 -0.813 -6.427 35.900
0.000 -0.200 3.434 0.000 -0.556 35.900
-0.486 -0.536 3.790 -7.297 -4.245 39.425
0.000 -0.200 3.370 0.000 -3.000 34.173
0.000 0.065 3.413 0.365 -3.000 35.444
0.846 -0.200 2.915 0.020 -3.000 35.900
0.942 -1.073 3.535 0.600 1.990 42.843
0.000 -0.200 3.539 0.000 -3.000 35.900
-0.808 0.086 3.370 4.076 -3.000 31.507
0.209 0.259 3.370 0.000 -3.000 35.900
0.541 -0.246 3.205 4.860 10.964 34.896
0.804 0.401 3.370 -1.698 -10.024 41.178
0.000 0.398 3.370 -3.854 -6.149 39.642
-1.239 -0.705 3.370 4.828 -0.386 35.900
1.330 0.269 3.648 0.000 1.107 35.900
-0.155 -0.200 3.370 -5.126 -3.000 35.900
-0.559 -0.495 3.958 -4.200 -3.000 38.019
0.070 -0.460 3.696 0.000 -8.805 35.900
0.131 -0.201 3.296 -3.045 -3.000 37.816
0.000 -0.926 3.301 0.000 -3.000 35.900
0.000 -0.488 3.370 0.000 -3.000 32.302
0.000 0.557 3.378 -0.524 0.851 34.574
-0.271 -0.105 3.370 2.306 -3.000 34.122
-0.448 -0.200 3.370 0.000 -3.000 36.212
0.000 -0.200 3.370 0.000 -3.000 35.900
0.000 -1.004 3.192 -0.748 -4.543 35.900
0.000 -0.200 3.370 0.000 -1.453 36.439
-1.041 -0.619 3.323 -7.425 -9.871 30.504
0.401 -0.200 3.370 -1.610 0.962 35.900
0.281 -0.200 3.622 -3.563 -3.000 36.430
0.000 -0.200 3.370 0.000 -8.161 35.900
-0.612 0.056 3.896 -3.557 -7.927 30.814
0.000 -0.200 3.370 0.000 -3.000 35.900
0.000 -0.752 2.974 0.000 -3.000 35.900
0.000 -0.200 3.036 -3.096 -3.000 35.900
-0.394 -0.200 3.663 0.000 -3.000 36.362
0.434 -0.200 3.370 0.761 -10.781 36.932
-0.028 -0.200 3.370 2.898 -3.272 35.900
0.160 -0.200 3.370 0.000 -7.511 37.039
-0.271 -0.200 3.549 1.854 -1.990 36.160
0.000 -0.200 3.238 0.000 -8.454 35.900
-1.750 -1.293 3.302 1.462 -3.000 35.900
-0.264 0.033 3.174 4.746 -5.934 34.682
0.000 -0.200 3.370 0.000 -9.434 35.900
0.032 -0.200 3.370 1.096 -6.341 37.412
0.000 -0.522 3.256 0.000 -5.436 35.900
0.546 -0.578 3.648 1.030 -14.032 36.740
-0.266 0.661 2.995 -4.540 -3.000 35.900
0.828 -0.127 3.370 0.000 -3.000 35.530
0.002 -0.200 3.370 3.122 -3.000 35.900
0.000 0.189 3.227 -3.245 -3.000 34.228
0.000 -0.200 3.489 3.644 -3.000 35.900
-0.489 -0.056 3.039 -6.426 -3.000 36.990
0.000 -0.200 3.370 0.000 -3.000 35.900
0.003 -0.200 3.370 2.277 1.799 35.900
-0.780 -0.200 3.965 -3.202 7.773 31.014
0.000 -0.200 3.370 1.379 -3.000 32.552
0.929 -0.362 3.285 -3.961 -2.347 38.059
0.071 0.166 3.948 0.589 4.286 34.341
0.247 -0.234 3.370 4.083 -6.122 36.378
-0.077 -0.200 3.285 3.345 3.617 34.350
0.172 0.751 2.995 0.000 -4.622 35.900
0.165 0.092 3.370 0.000 -3.000 37.146
-0.998 -0.649 3.586 -5.218 -4.407 35.900
-0.038 -0.200 3.225 0.000 4.069 35.900
-2.174 -0.143 3.678 -3.015 -4.930 34.472
0.000 -0.200 3.370 0.000 -0.879 42.605
0.000 -0.200 3.370 0.000 -3.000 35.900
0.680 -0.200 3.376 0.000 -5.920 35.900
-1.197 -0.108 3.735 0.000 -3.000 32.147
0.000 -0.200 3.370 0.000 -3.000 35.900
0.000 -0.097 3.754 -4.806 -3.000 36.255
-0.112 -0.475 3.193 -1.654 -8.252 38.274
0.133 0.369 3.259 0.000 -3.000 33.304
0.163 -0.359 3.283 1.992 2.407 31.904
0.525 -0.200 3.438 -10.052 -7.353 37.176
0.298 -0.200 3.562 0.000 1.250 28.412
0.000 -0.200 3.370 0.527 1.513 38.758
-0.527 -0.200 3.395 0.000 -3.000 29.986
0.000 -0.200 3.370 0.000 -3.000 35.900
0.180 0.102 3.656 0.000 -3.000 37.039
1.420 -0.200 3.370 0.000 1.214 29.758
-0.076 0.005 3.370 -8.336 -1.245 38.557
0.289 -0.200 3.280 3.223 -3.000 36.828
0.000 -0.200 3.797 -0.959 1.611 35.900
-0.471 -0.314 2.509 0.762 -3.000 32.915
0.000 0.298 3.801 3.096 -4.110 35.900
0.000 -0.200 3.370 0.000 -3.000 35.900
0.000 -0.216 3.370 0.000 -3.000 35.900
0.697 -0.619 3.370 4.502 -3.789 33.183
0.000 -1.154 3.484 -3.580 -2.737 26.043
0.000 -0.155 3.360 0.000 -3.000 35.900
0.000 -0.408 3.660 0.000 -2.740 35.900
-2.034 -0.200 3.838 -3.554 7.538 30.540
0.000 -0.200 3.370 0.000 -3.000 42.047
-0.833 -0.329 3.221 0.000 -1.347 34.840
1.538 -0.697 3.238 -1.867 -5.237 43.680
-3.192 -0.148 3.254 0.000 3.809 30.618
-0.139 -0.637 3.066 0.000 -16.828 33.254
0.000 -0.200 3.370 0.000 -3.000 38.358
0.442 0.553 3.757 3.769 1.005 35.900
0.000 -0.158 3.466 7.917 5.640 41.186
-0.316 -0.668 3.236 -9.835 -8.546 40.218
0.502 0.013 3.511 0.000 -3.000 35.900
0.000 -0.903 3.370 -4.091 -3.000 32.029
0.000 0.169 3.370 6.136 -3.000 35.900
0.277 -0.486 3.370 3.310 1.521 35.900
-0.129 -0.869 3.509 -1.571 -3.000 36.125
0.000 -0.200 3.273 0.000 -3.578 35.900
0.000 -0.499 3.370 -2.273 -3.000 34.838
-0.099 -0.200 3.393 5.759 -7.299 33.445
-0.370 0.324 3.370 0.000 2.726 35.900
0.000 -0.200 3.223 -1.037 0.006 36.905
-1.400 -0.321 3.962 -3.415 -3.000 31.509
0.000 0.467 3.370 -2.041 6.554 33.602
0.297 -0.190 3.456 0.000 -3.000 35.900
-0.261 -0.528 3.367 1.723 -3.000 32.392
-1.142 0.876 3.081 0.000 -0.775 40.696
0.000 -0.200 3.370 0.682 -3.000 35.900
0.286 -0.152 3.370 3.649 10.416 35.594
-0.616 -0.200 3.292 6.858 -8.518 39.760
0.000 -0.200 3.370 0.000 -3.000 32.091
0.053 0.271 3.309 6.799 3.929 36.116
0.000 0.862 2.892 -4.298 -3.000 30.378
0.668 -0.568 3.200 -3.772 -3.000 36.322
0.336 -0.200 3.370 0.000 -3.000 32.557
-0.673 0.089 3.370 0.000 0.028 33.373
-1.331 0.163 3.460 0.000 -8.461 35.900
0.000 -0.200 3.507 6.683 -3.000 35.900
0.780 0.093 3.370 6.398 -3.000 36.163
0.000 0.400 3.698 0.000 3.431 39.027
-0.460 -0.200 3.232 0.000 -3.000 35.900
0.000 -0.200 3.596 0.000 -4.223 35.900
0.000 -0.200 3.039 0.000 -3.000 35.900
0.027 -0.666 3.370 0.000 -3.000 35.900
0.000 -0.200 3.370 0.000 -0.017 35.900
0.000 -0.857 3.370 3.720 -3.000 35.900
0.000 0.039 3.357 0.000 -3.000 31.250
0.000 -0.200 3.574 4.625 -3.000 34.998
0.764 0.793 2.989 3.831 -6.049 35.900
0.000 -0.200 3.370 0.000 -3.000 35.900
-0.053 -0.200 3.370 0.000 -3.000 32.085
-0.399 -0.668 3.202 0.000 7.816 29.884
-1.193 -0.293 3.256 0.000 -5.905 31.029
0.705 -0.513 3.676 0.000 -6.526 37.739
0.000 0.236 3.552 1.921 3.373 35.886
0.000 -0.153 3.692 -1.133 -3.000 34.828
0.000 -0.200 3.370 -4.344 -2.604 33.631
-0.041 -0.200 3.370 4.912 -4.894 32.175
0.034 -0.655 3.370 0.000 -1.908 35.900
0.446 -0.728 3.370 0.000 -0.206 34.019
0.084 -0.011 3.637 2.086 -3.000 34.107
0.000 -0.153 3.370 0.876 -3.000 35.691
0.554 -0.200 3.002 3.734 -3.000 45.308
0.000 -0.132 3.122 -3.659 -3.000 35.900
0.813 -0.200 3.370 3.943 -3.000 32.515
0.000 -0.539 3.025 0.000 -4.224 34.366
-0.615 -0.507 3.120 -4.893 -3.000 35.900
0.000 -0.200 3.537 0.000 -11.207 35.900
0.226 0.210 3.370 3.103 -3.000 36.718
0.000 0.000 3.374 2.561 -3.000 35.900
0.000 -0.200 3.370 0.000 -3.000 33.696
0.000 -0.200 3.591 5.121 -1.672 34.549
0.000 -0.200 3.058 0.438 -3.000 37.198
0.092 -0.622 3.370 -1.150 -4.258 35.900
-0.689 -0.200 3.656 6.900 -13.018 35.900
-0.482 -1.209 3.713 0.000 -3.000 39.375
-0.146 -0.510 3.351 0.000 -8.273 43.217
0.000 -0.200 3.370 -4.059 -9.194 35.900
-0.662 -0.200 3.774 0.029 -3.000 35.900
0.032 -0.200 3.606 10.702 -3.000 34.313
0.000 -0.200 3.561 0.629 -3.000 33.058
0.000 -0.011 3.370 0.000 1.674 35.900
0.551 -0.912 3.223 4.052 -3.000 32.532
0.000 -0.747 3.683 -4.419 -1.575 33.460
-0.968 -0.915 3.005 5.830 3.132 29.338
0.738 -0.200 3.370 0.000 -3.264 40.265
0.028 0.218 3.305 -0.885 -2.023 32.974
0.000 -0.268 3.370 -3.073 -3.000 35.382
-0.730 -0.200 3.370 4.806 -3.000 35.900
1.696 -0.111 2.879 -4.460 -7.173 41.479
0.000 -0.500 3.434 0.000 -0.387 35.900
-0.560 -0.200 3.176 -7.445 -8.981 30.904
0.094 -0.210 2.872 4.722 4.249 35.822
0.000 -0.200 3.298 0.000 -3.000 35.900
0.000 -0.200 3.370 3.831 -19.299 31.110
0.000 -0.209 3.370 0.000 1.578 35.900
0.000 -0.760 3.057 0.000 -3.000 32.006
0.000 -0.302 3.731 0.434 -3.000 35.900
0.185 -0.061 3.443 0.000 -3.000 35.900
0.000 -0.200 3.370 2.739 4.235 35.900
0.213 -0.200 3.102 0.000 0.217 30.068
0.000 -0.200 3.648 -4.005 -0.080 35.900
0.237 -0.567 3.370 -2.273 -8.392 35.900
-0.095 0.042 3.642 -3.224 -3.995 36.768
-2.211 -0.200 3.708 0.000 -3.900 35.900
0.749 -0.400 2.908 -0.387 -13.270 39.848
0.000 -0.200 2.931 0.000 -3.000 31.668
-0.037 -0.322 3.060 0.000 2.303 33.173
0.000 0.143 3.337 -2.752 -4.493 32.203
0.163 0.276 3.082 0.000 -5.449 39.987
0.000 -0.200 2.860 3.726 -3.000 37.605
-0.479 -0.468 3.143 0.000 -2.754 35.025
0.565 -0.205 3.322 4.387 -3.000 35.900
-0.632 -0.026 3.860 -4.635 10.103 30.830
0.480 -0.274 3.370 0.000 2.218 28.078
-0.088 -0.200 3.370 -8.520 -5.273 28.321
0.141 -0.852 3.499 5.371 0.394 35.900
-0.793 0.907 3.370 0.877 3.433 37.671
0.000 -0.912 2.918 0.000 -3.000 41.066
0.605 0.866 3.513 0.000 -5.613 30.813
-0.123 0.725 3.222 4.457 -5.379 37.981
0.000 -0.200 3.370 0.000 -3.000 35.900
0.189 -0.409 3.634 6.759 -8.149 30.218
0.716 0.166 3.008 -1.602 10.284 38.946
0.000 -0.200 3.370 0.000 -3.000 35.900
-0.363 -0.147 3.140 1.716 -3.000 32.210
0.000 -0.939 3.370 0.000 -1.817 33.808
0.473 -0.413 3.397 -1.591 3.072 35.709
0.093 -0.033 3.384 -5.800 3.293 41.219
0.700 -0.788 3.370 2.755 -0.181 36.290
0.339 -0.071 3.370 -0.475 -3.000 36.244
0.141 0.106 3.303 0.000 -3.000 35.900
0.223 -0.296 3.418 1.515 -3.000 42.040
0.240 -0.200 3.754 2.380 -5.058 31.678
-0.704 -0.200 3.279 -12.230 -9.435 32.611
0.000 -0.200 3.437 0.000 -3.000 35.455
-0.394 0.269 2.711 -9.492 -3.000 35.900
0.000 -0.575 3.219 2.316 0.014 37.366
0.000 -0.200 2.818 -2.799 -3.000 35.900
-0.332 0.162 3.621 -1.734 -3.000 35.900
0.132 -0.510 3.370 0.312 2.959 49.134
-0.724 -0.200 3.127 -3.689 -3.000 34.425
0.000 -0.200 3.488 -4.389 2.063 35.900
0.000 -0.200 3.370 0.000 3.159 35.900
-0.630 -0.200 3.370 5.864 -2.474 35.900
0.000 -0.376 3.370 0.000 -3.000 40.896
0.000 -0.571 3.370 0.000 -6.918 39.794
0.763 -0.232 3.370 1.607 -3.000 35.900
-0.649 -0.834 3.865 2.680 -3.000 37.693
0.598 -0.187 3.330 0.000 -3.000 37.341
-0.485 -0.200 3.329 0.000 -4.644 38.024
0.000 -0.452 3.107 2.866 -2.329 30.687
0.713 -0.200 3.567 3.728 -5.874 35.900
0.937 -0.200 3.370 1.967 -8.713 35.900
0.737 -0.200 3.370 -3.487 -3.000 35.900
0.000 -0.200 3.370 0.000 -8.723 35.900
0.000 -0.200 3.370 0.000 -3.000 35.900
-0.575 -0.777 3.371 3.098 -3.000 35.974
-2.002 -0.200 3.436 6.056 5.450 33.574
0.057 -0.200 3.370 1.173 -2.005 31.674
0.000 -0.200 3.691 0.000 -3.000 35.900
0.492 -0.177 2.993 0.000 -3.000 35.900
-0.015 -0.551 3.540 -0.023 2.043 38.712
0.000 -0.200 3.107 0.000 -3.244 35.900
0.912 0.558 3.318 0.000 -6.069 34.891
0.000 0.161 3.333 0.000 -3.000 35.900
0.000 -0.200 3.370 0.000 -3.000 31.002
0.000 -0.200 3.370 2.427 -8.732 31.539
-1.272 0.041 3.275 4.616 4.252 40.345
-1.277 -0.200 3.325 -15.010 1.886 37.280
0.000 -0.200 3.385 0.000 -3.000 35.900
-3.009 0.209 3.370 0.000 -3.000 35.900
0.422 -0.251 3.370 0.274 -8.135 39.109
-0.213 -0.284 3.087 -3.826 1.143 33.327
0.482 -0.200 3.370 0.000 -3.000 39.078
0.163 -1.485 3.370 -3.210 1.612 28.983
0.099 -0.733 3.370 -3.250 -3.000 35.900
0.335 0.619 3.117 2.608 -3.000 36.253
0.545 -0.200 3.370 -4.229 -13.975 35.900
-0.657 -0.237 3.141 0.000 1.991 36.250
0.000 -0.200 2.956 0.000 -5.920 35.348
-0.743 -0.200 3.370 0.000 -1.928 35.900
-0.859 -0.398 3.370 0.000 -8.834 33.873
0.769 0.237 3.370 -8.054 -9.940 35.900
0.556 -0.876 3.370 0.781 1.531 32.206
0.000 -0.200 3.370 0.000 -3.000 35.900
0.000 -0.902 3.511 -4.483 -12.462 34.023
-1.046 0.380 3.273 -6.182 4.617 31.793
-0.136 -0.575 3.354 5.133 -7.593 32.509
-0.977 0.038 3.370 -3.219 -3.000 39.321
0.349 -0.200 3.082 0.000 -3.000 33.244
0.547 -1.107 3.278 -4.103 -8.568 35.900
0.000 -0.455 3.370 0.000 -3.000 35.009
0.000 -0.200 3.017 0.000 -1.068 35.900
0.000 -0.518 3.370 0.000 -3.000 35.900
0.000 0.385 3.370 0.000 -3.000 35.900
0.000 -0.200 3.370 0.000 -3.000 39.520
0.614 -0.200 3.370 -2.501 -3.000 35.900
0.749 -1.186 3.550 1.962 -9.073 34.880
0.000 0.088 3.355 -3.835 7.035 35.900
1.527 0.943 3.401 -0.244 -0.300 37.831
0.000 -0.537 3.493 5.684 -7.724 35.900
0.000 -0.146 3.370 0.463 -3.000 33.764
-0.088 -0.200 3.370 -0.545 -3.000 41.693
0.585 0.106 3.622 -3.389 -1.568 35.900
0.749 -0.200 3.370 -0.551 -3.000 37.330
0.000 -0.200 3.630 0.000 -3.000 38.274
0.000 -0.200 3.386 1.936 -4.982 34.354
-0.403 -0.090 3.320 0.000 3.428 35.387
0.919 -0.200 3.037 -5.602 -4.835 37.143
-1.074 -0.587 3.480 -5.578 16.482 33.878
0.820 -0.200 3.465 1.555 -11.239 30.183
-0.665 -0.200 3.600 0.000 -14.733 35.900
0.000 -0.328 3.541 0.000 -9.479 35.900
-1.623 -0.389 3.370 -6.026 -2.971 30.211
0.000 -0.200 3.700 3.629 -3.000 40.776
0.000 -0.929 3.370 1.073 -3.000 35.900
0.000 -0.980 3.091 0.000 -3.000 31.293
-0.057 -0.578 3.217 0.000 -3.000 35.387
0.000 -0.128 3.301 -5.859 -9.957 35.442
0.000 -0.497 3.913 -2.578 -3.000 35.900
-0.309 0.816 3.196 4.961 -3.000 37.070
0.000 -0.200 3.370 -2.661 -3.000 30.065
0.000 -0.557 3.370 0.000 -4.123 35.546
-0.348 -0.200 3.370 5.293 -3.000 35.900
0.492 -1.237 3.370 -2.424 -3.000 35.900
0.000 -0.200 3.213 0.000 1.731 35.900
-0.612 -0.144 3.370 -3.365 -3.000 38.955
-0.710 -0.592 3.410 2.730 3.316 34.161
0.783 0.885 3.370 3.799 -2.044 31.262
-0.582 -0.670 2.984 -1.316 -3.000 39.302
-0.152 0.078 3.287 -2.280 -1.709 35.900
0.000 -0.554 3.301 0.000 0.967 33.176
-0.488 -0.278 3.370 0.000 -0.928 46.783
0.818 0.409 3.370 0.000 4.487 30.959
0.000 -0.200 3.135 0.000 -7.673 34.137
-1.450 -1.423 3.776 -2.249 6.155 35.900
0.310 0.363 3.366 0.000 -9.216 35.900
-0.409 0.104 3.546 4.489 -7.664 35.900
0.000 -0.200 3.354 0.000 -3.000 36.080
-0.053 -0.768 3.684 0.000 -6.671 35.900
0.091 -0.068 3.404 5.973 1.585 35.900
0.000 0.213 3.208 0.374 -3.000 35.900
0.000 -0.200 3.370 -1.510 3.818 34.356
0.000 0.184 3.290 2.689 -1.880 38.905
-0.840 -0.200 3.370 -4.900 -4.559 35.900
-0.791 -0.200 3.370 0.000 -3.000 39.848
0.000 -0.200 2.957 5.903 -10.624 40.798
0.000 -0.680 3.154 -1.184 -10.267 31.209
0.000 0.513 3.003 0.000 -3.608 35.900
0.000 0.335 3.112 0.367 -6.069 35.900
-0.309 0.131 3.550 1.009 -6.156 42.055
0.000 -0.200 3.370 0.000 -3.000 35.900
0.000 1.011 3.162 4.391 -3.000 35.900
0.000 0.279 3.370 0.000 -4.437 35.900
0.000 -0.402 3.296 0.000 4.976 40.158
0.064 -0.200 3.370 2.048 -4.292 35.900
0.000 -0.358 3.370 2.182 1.798 37.802
-0.543 -0.200 4.274 0.000 -6.234 33.197
0.000 -0.022 3.344 3.677 -7.037 38.440
0.476 -0.343 3.370 0.000 0.855 35.900
-0.529 -0.409 3.370 0.000 -3.000 33.076
0.000 -0.200 3.436 0.000 -3.000 35.900
0.000 -0.200 3.315 1.537 3.889 36.659
0.000 -0.200 3.370 -1.188 -1.749 35.900
0.000 -0.298 3.133 -1.798 -3.000 32.792
-0.773 -0.696 3.014 0.000 -1.050 35.900
-0.225 -0.200 3.219 -5.295 -3.000 37.278
-0.744 -0.828 3.041 2.511 -3.680 35.900
-0.339 -0.200 3.370 0.000 -3.000 35.900
-0.900 -0.200 3.370 0.000 -3.000 35.900
0.000 -0.177 3.370 -4.552 4.236 40.633
