0.000 -0.200 3.370 0.000 -3.000 35.900
0.000 -0.200 3.370 0.000 -3.000 35.900
-0.523 -0.200 3.370 0.000 -3.000 34.694
0.000 -0.200 3.269 3.534 -6.672 39.960
0.000 -0.200 3.704 0.000 -3.000 35.900
-0.281 -0.200 2.933 -3.595 -3.187 35.900
0.000 0.231 3.935 0.000 -4.208 33.284
0.000 -0.161 3.370 0.000 -6.636 35.900
-0.476 -0.200 3.370 0.000 -3.000 36.747
0.000 -0.200 3.370 -2.505 -2.748 35.900
1.087 0.301 3.062 0.889 -2.911 36.801
0.000 -0.200 3.391 0.000 -3.000 38.001
0.000 -0.168 3.581 3.043 -3.000 35.900
0.000 -0.932 3.370 2.539 -3.000 35.900
0.694 -0.449 3.370 3.379 -0.463 43.123
0.000 -0.200 3.370 0.000 -3.000 35.900
0.746 -0.855 3.318 0.000 -3.000 35.900
0.000 -0.212 3.370 3.051 -3.000 37.041
0.000 -0.200 3.289 0.000 -3.000 32.291
0.000 -0.200 3.157 0.028 -7.519 35.900
-1.557 -0.037 3.161 -1.954 -3.738 29.357
0.000 0.147 3.370 1.896 -3.000 35.900
0.100 -0.142 3.406 -7.995 -1.289 36.561
0.000 -0.200 3.370 0.000 -3.000 35.900
0.000 -0.200 2.973 0.000 -10.382 37.310
-0.633 -0.200 3.370 2.892 -3.000 35.900
0.000 -0.398 3.370 0.000 -3.000 35.900
0.000 -0.322 3.118 0.000 -3.484 37.621
0.517 0.103 3.379 2.453 -3.374 35.900
0.000 -0.200 3.370 0.000 -3.000 35.900
-0.649 0.071 3.370 0.000 -9.309 40.163
0.000 -0.698 3.370 -2.196 -9.821 35.900
0.000 -0.200 3.370 0.000 -3.000 35.900
0.000 -0.200 3.370 0.000 -3.000 35.549
0.000 -0.200 3.157 0.000 -3.000 35.900
0.000 -0.200 3.370 0.000 -3.000 35.900
0.000 -0.268 3.614 0.000 -3.000 35.900
0.000 -0.200 3.370 0.000 -3.000 35.900
0.000 -0.104 3.370 0.000 -3.000 35.900
0.000 0.253 3.370 0.000 -3.000 35.900
0.000 -0.200 3.370 0.000 -3.000 35.900
0.000 -0.422 3.268 0.000 2.562 35.900
0.798 -0.444 3.370 0.702 -3.000 34.253
0.000 -0.200 3.370 0.000 -3.000 35.900
0.000 -0.163 3.280 4.627 -8.310 32.886
0.274 -0.200 3.370 3.254 -3.000 32.093
0.000 -1.092 3.969 0.000 -5.957 33.337
0.000 -0.200 3.370 -5.386 -3.000 35.900
-0.427 -0.063 3.241 1.293 9.323 35.900
0.000 -0.200 3.250 2.069 -3.000 35.900
-0.384 -0.200 3.434 0.000 -3.000 35.900
0.758 -0.200 3.019 -2.970 -7.248 24.741
-0.876 -0.200 3.370 3.475 -3.000 35.900
-0.313 -0.309 3.211 9.374 -3.000 35.900
0.000 0.383 3.370 0.000 -3.000 36.321
0.411 -0.200 3.711 1.101 -3.000 35.900
-0.025 -0.200 3.370 0.000 -3.000 30.061
-0.188 -0.200 3.370 -3.019 -3.000 31.628
0.234 -0.435 3.370 0.000 8.928 35.900
-0.088 -0.410 3.370 -1.908 1.423 31.362
0.267 -0.200 3.370 0.000 -8.533 36.623
0.000 -0.200 3.370 0.000 -3.000 35.900
0.000 -0.684 3.517 2.239 -3.000 35.900
-0.654 -0.200 3.349 0.000 -3.000 35.900
-0.076 -0.006 3.370 0.000 -3.000 35.900
0.000 -0.200 3.370 0.000 -3.000 42.135
0.000 -0.200 3.370 0.000 -3.000 35.900
-0.840 -0.200 3.370 0.000 -3.000 35.900
0.000 -0.200 3.370 0.000 -3.000 35.900
-0.437 0.114 3.387 4.140 -3.000 35.900
0.000 -0.200 3.590 0.000 -3.000 35.900
0.000 -1.272 3.546 3.853 -3.000 35.900
-0.221 -0.359 3.239 0.000 -3.000 35.900
1.038 -0.200 3.370 0.000 -3.000 35.824
-0.627 -0.297 3.046 -5.694 -9.691 35.900
0.000 -0.200 3.411 -3.589 -3.000 35.900
-0.852 -0.200 3.067 -2.918 -3.575 35.153
0.887 -0.491 3.370 0.000 -3.000 35.900
-0.036 -0.028 3.370 2.645 -3.000 41.702
0.000 -0.200 3.370 0.000 -3.000 35.900
0.000 -0.027 3.649 2.086 -3.000 36.820
-0.522 -0.200 3.153 0.000 -3.000 35.900
1.043 0.172 3.575 -4.727 4.053 36.607
0.562 -0.779 3.370 -3.558 -3.000 30.906
0.000 -0.200 3.370 0.000 -5.693 35.900
-0.417 -0.200 3.692 0.000 -3.000 36.573
0.000 -0.200 3.333 0.000 2.879 35.900
0.000 -0.200 3.564 0.000 -9.752 35.900
0.000 -0.310 3.370 -1.149 -3.000 35.900
0.886 -0.200 3.332 0.000 7.177 35.900
0.000 -0.200 3.505 0.000 -3.000 37.649
0.000 0.139 3.369 2.245 -3.000 35.900
0.058 -0.193 4.258 -3.102 9.231 30.237
0.526 -0.951 3.794 0.742 -8.248 35.900
-0.645 -0.200 2.991 0.000 -9.864 33.986
-0.491 -0.455 3.370 4.285 -3.000 39.531
0.834 -0.200 3.076 0.000 -3.000 36.901
-0.578 -0.883 3.370 0.000 4.664 35.900
0.000 -0.200 3.684 4.014 -2.611 26.017
0.000 -0.200 3.370 0.000 -3.000 40.729
-0.251 -0.200 3.370 0.923 -3.000 35.900
0.000 -0.200 3.397 4.412 -6.353 35.900
0.000 -0.200 3.370 3.575 -3.000 35.900
0.741 -0.200 3.101 -1.658 -3.134 34.215
0.000 -0.687 3.370 0.000 -3.000 31.124
0.000 0.292 3.370 0.000 -8.127 35.900
0.000 -0.200 3.221 -3.822 -1.790 35.900
0.000 -0.383 3.370 -0.042 -3.000 34.801
0.000 -0.200 3.370 0.000 -0.148 35.900
0.000 -0.200 3.370 0.000 -3.000 35.900
0.000 -0.200 3.370 0.000 0.440 37.649
0.000 -0.200 3.370 0.000 -3.000 35.900
0.000 -0.740 3.220 0.000 -10.059 40.274
-0.950 -1.303 3.370 -1.961 -3.000 35.900
0.787 -0.200 3.549 -0.988 2.872 29.806
0.000 -0.200 3.370 0.000 -3.000 36.533
-0.276 -0.293 3.370 0.000 -3.000 35.900
0.000 -0.444 3.099 0.000 -6.249 42.361
0.000 -0.200 3.370 0.000 -3.000 35.900
-0.199 0.669 3.405 0.000 -0.964 34.739
1.023 -0.200 3.234 1.816 -3.000 35.900
-0.839 0.726 3.612 0.000 -3.000 35.900
0.517 -0.200 3.370 0.000 -7.490 41.226
0.000 -0.200 3.370 0.000 -3.000 34.511
0.720 -0.288 3.370 0.000 -3.000 40.153
0.000 -0.200 3.370 0.000 -3.000 35.900
0.000 -0.200 3.370 2.567 -3.000 33.812
-0.451 0.178 3.063 0.000 -3.000 35.900
0.381 0.276 3.148 5.092 -8.184 35.900
0.000 -0.200 3.346 4.672 -0.382 39.689
0.934 -0.435 3.769 0.000 3.831 29.286
0.000 -0.644 3.370 0.000 4.392 35.900
0.000 -0.137 3.370 -0.443 3.307 39.742
0.000 -0.200 3.072 0.000 -3.000 35.900
0.509 0.614 3.356 -3.066 -3.425 35.900
0.000 -0.200 3.370 0.000 -3.000 36.614
0.000 -0.200 3.370 0.000 -3.000 37.276
-1.738 0.291 3.472 -9.054 -3.000 36.422
0.000 -0.200 3.370 0.000 -3.000 35.900
0.000 -0.200 3.370 0.000 -3.000 35.900
0.000 -0.200 3.240 0.000 -6.754 35.900
-1.365 0.128 3.200 -3.280 2.309 40.967
-0.571 -0.200 3.088 0.000 -3.000 35.900
-0.383 -0.422 3.370 0.000 -3.000 35.900
0.000 -0.200 3.370 0.000 -6.125 35.900
0.906 -0.200 3.377 0.000 0.513 39.837
0.000 -0.200 3.098 -2.164 -3.000 40.289
0.000 -0.141 3.370 0.000 -3.000 35.900
0.593 -0.032 3.191 0.000 2.856 38.942
-0.874 -0.200 3.092 0.000 -3.000 35.900
0.220 -0.200 3.112 -4.976 -8.913 35.900
-0.748 -0.200 3.370 -0.705 -3.000 34.760
0.000 -0.200 3.370 0.000 -7.492 35.900
-0.093 0.207 3.064 0.000 3.245 32.934
0.000 -0.777 3.370 0.000 -3.000 35.900
0.000 -0.200 3.205 0.000 -2.627 36.896
-0.606 -1.885 3.415 6.232 -3.000 37.615
0.663 -0.735 3.205 0.939 -3.000 37.044
1.436 -0.200 3.131 0.000 -3.000 35.232
0.000 -0.200 3.370 0.000 -3.000 39.057
-0.203 0.242 3.370 -2.440 -0.856 35.900
0.000 -0.200 3.370 -1.879 -3.042 35.900
0.000 0.259 3.370 1.473 8.666 35.900
0.000 -0.200 3.313 -4.910 -3.000 42.555
0.000 -0.200 3.370 3.309 -3.000 37.462
0.000 -0.764 3.437 1.141 -3.000 35.900
0.090 -0.200 3.370 -2.385 -8.261 36.137
-0.706 -0.771 3.370 -0.468 -1.355 34.924
0.702 -0.374 3.549 4.449 -1.632 36.780
0.000 -0.200 3.370 0.000 -3.000 35.900
-0.704 -0.200 3.370 -3.865 -3.000 38.251
1.169 0.015 3.327 -2.012 -3.000 35.900
1.368 -0.200 3.073 2.737 -3.000 35.484
0.000 -0.200 3.370 3.868 -3.000 35.900
1.294 -0.326 3.275 0.000 -9.091 33.724
0.159 -0.126 3.092 0.000 -4.106 39.446
0.000 -0.338 3.370 4.726 -0.089 42.208
0.000 -0.200 3.370 0.000 -3.000 35.900
0.000 -0.200 3.642 -1.721 -3.000 41.511
-0.562 -0.200 3.168 0.000 -2.071 31.009
0.000 -0.200 3.370 0.000 -3.000 35.900
-0.089 -0.408 3.370 -0.668 -3.000 35.900
-0.120 -0.200 3.370 0.000 -3.000 35.900
0.000 -0.200 3.370 0.000 -3.000 35.900
2.344 -0.487 3.370 -2.235 -3.000 36.249
-0.087 0.715 3.390 2.135 3.580 35.900
0.207 -0.264 3.370 0.000 -3.000 40.518
-0.014 -0.200 3.510 4.345 0.178 35.900
0.000 0.444 3.370 0.000 -3.000 35.900
0.000 -0.200 3.370 -1.868 -3.000 35.900
0.000 -0.200 3.449 -2.340 -3.000 35.900
0.277 -0.699 3.429 6.587 -9.736 35.427
0.000 -0.744 3.549 0.000 2.657 35.900
1.210 -0.200 3.370 -6.206 -3.000 41.424
0.000 0.034 3.320 -0.941 -3.000 35.900
0.000 -0.200 3.493 0.000 -3.000 32.849
0.294 -0.825 3.370 0.000 -3.000 35.900
0.000 -0.200 3.370 0.000 -3.000 35.900
-0.671 -0.200 3.292 0.000 0.217 35.900
0.000 -0.714 3.370 0.000 1.759 35.900
-0.146 -0.139 3.370 -1.735 -1.336 35.900
-0.779 -0.705 3.370 8.736 -4.783 35.900
0.000 -0.200 3.227 0.000 -8.479 36.965
0.539 -0.200 3.370 0.000 -3.000 35.900
0.000 -0.200 3.370 -6.019 -3.000 35.900
0.000 -0.072 3.348 0.000 -0.337 36.986
0.000 -0.200 3.370 0.000 -3.000 35.900
0.000 -0.248 3.347 -1.441 -3.000 35.900
-0.197 -0.200 3.312 0.000 -1.027 35.900
0.000 -0.200 3.370 0.000 -3.000 35.900
0.840 -0.101 3.370 0.000 -5.091 35.900
0.000 -0.200 3.397 0.000 -6.337 35.412
0.000 -0.625 3.370 2.417 -4.420 33.879
0.014 -0.200 3.529 -2.560 -3.000 34.547
0.000 -0.200 3.370 0.000 -3.000 35.900
0.000 -0.723 3.517 0.771 -3.000 35.900
0.027 -1.114 3.334 -1.408 -3.000 41.223
0.000 -0.200 3.370 0.000 -3.000 35.900
0.902 -0.200 3.719 -4.054 -2.976 35.900
0.000 -0.380 3.127 0.000 -3.000 34.525
-0.520 -0.200 3.370 0.000 -6.185 32.018
0.000 -0.175 3.719 0.000 0.863 37.611
-0.421 -0.200 3.370 0.000 -3.000 35.900
0.000 -0.200 3.370 0.000 -3.000 35.900
0.214 -0.699 3.454 -1.026 -0.042 35.900
-0.362 0.281 2.874 4.162 -11.231 35.900
0.000 -0.200 3.370 8.843 -3.000 35.900
0.000 -0.200 3.370 1.797 -7.075 31.709
0.462 -0.200 3.330 0.000 -3.000 35.900
0.557 -0.200 3.495 1.174 -9.186 33.140
0.000 0.815 3.370 -4.501 3.185 31.670
0.000 -0.200 3.124 1.850 -1.864 35.900
0.000 -0.200 3.370 0.000 -7.367 32.809
0.248 -0.141 3.370 2.583 -3.544 45.264
0.000 -0.200 3.370 0.000 -3.000 35.900
0.000 -0.200 3.370 -3.147 -3.000 35.900
0.000 -0.021 3.370 0.122 -0.658 29.663
0.587 -0.695 3.379 0.081 -3.000 35.085
0.091 -0.186 3.311 0.000 -1.704 37.570
0.000 -0.798 3.370 4.173 -3.167 35.900
0.000 0.234 3.683 -3.100 -3.000 36.279
-0.167 -0.200 3.370 0.000 2.859 38.329
0.996 -0.200 3.267 0.000 -5.462 35.900
-0.992 -0.200 3.395 -2.605 3.708 46.894
0.012 0.121 3.133 0.000 4.111 40.204
-1.456 0.619 3.548 0.000 -3.000 37.083
0.083 -0.200 3.418 0.000 -3.000 35.129
0.201 -0.200 3.242 4.189 1.694 35.900
0.000 -0.008 3.332 0.000 -3.000 35.900
-0.120 -0.407 3.370 0.000 -0.444 38.973
0.000 -0.200 3.370 0.000 -3.000 35.900
0.000 -0.200 3.367 0.000 -4.666 37.857
0.000 0.430 3.370 -6.279 -3.000 35.900
-0.164 -1.435 3.522 3.451 3.184 46.138
0.000 -0.200 2.917 0.000 -3.312 37.635
0.000 -0.200 3.370 0.000 -3.000 35.900
-0.375 -0.200 3.370 0.000 -3.000 35.900
0.010 -0.140 3.556 -2.248 -6.915 30.814
0.000 0.428 3.370 -0.155 -3.000 36.533
0.000 -0.005 3.600 0.284 -3.000 35.900
0.000 -0.200 3.370 0.000 -3.000 35.900
0.000 -0.200 3.370 0.000 -3.194 35.900
0.749 0.178 3.370 0.000 -3.000 35.900
0.000 -0.034 3.370 0.000 -1.504 45.226
0.000 -0.002 3.370 0.000 -3.000 43.668
0.000 -0.200 3.370 0.000 -3.000 35.900
0.000 0.020 3.754 0.799 3.316 35.900
0.413 -1.647 3.370 6.120 -3.000 35.179
-1.516 0.141 3.185 0.000 -3.000 41.808
-0.679 -1.129 3.135 -4.020 3.969 35.900
0.000 -0.200 3.286 0.000 3.421 35.900
0.000 0.165 3.110 0.000 -3.000 35.900
0.000 -1.351 3.370 0.000 3.770 35.220
0.000 -0.200 3.370 0.000 -3.000 35.900
1.306 -0.200 3.370 -3.741 -3.000 33.436
-0.113 -0.151 3.370 0.000 -4.360 35.900
-0.512 -0.200 3.484 0.000 -4.287 36.417
-0.648 0.289 3.027 0.000 -0.417 35.900
-0.302 -0.200 3.370 3.610 -4.063 32.009
-0.643 -0.771 3.370 -4.701 -9.262 42.581
-0.653 0.159 3.179 -4.172 7.454 30.906
0.123 -0.138 3.305 2.576 -3.000 41.278
1.060 0.157 3.131 0.000 -2.520 35.900
-0.228 -0.076 3.370 0.000 -3.000 35.900
0.000 0.175 3.370 -0.527 -3.000 42.204
0.000 -0.200 3.572 0.000 -3.000 33.898
0.000 -0.632 3.659 3.813 -4.103 35.900
0.000 0.444 3.370 3.238 2.317 32.831
-0.502 -0.200 3.370 0.000 -3.000 41.519
0.000 -0.200 3.370 0.000 -3.000 35.900
0.000 -0.200 3.446 -4.659 1.162 35.165
0.000 -0.200 3.681 -3.497 -3.000 35.900
0.000 -0.200 3.370 0.000 -3.000 35.900
0.000 -0.200 3.370 0.000 -3.000 35.900
-0.503 -0.200 3.370 0.000 -1.105 36.311
0.000 -0.200 3.452 0.000 -0.933 35.900
0.000 -0.200 3.370 -4.053 -0.599 35.653
0.000 -0.436 3.370 4.090 -3.000 35.900
-0.266 -0.200 3.370 -2.189 4.330 30.443
0.000 -0.451 3.370 -4.712 1.397 35.900
0.565 -0.200 3.598 -0.278 -3.488 35.900
0.566 -0.200 3.137 -0.733 -2.465 37.883
0.624 -0.200 3.370 -0.481 -3.000 35.900
0.949 -0.200 3.370 0.000 -3.000 35.900
0.149 -0.200 3.370 4.744 -3.000 34.057
0.000 -0.200 3.370 4.253 1.527 35.900
0.000 -0.200 3.370 0.000 -2.092 35.900
0.000 -0.200 3.222 0.455 -8.830 35.900
0.000 -0.811 3.370 -3.985 1.422 35.900
0.000 -0.200 3.370 -2.886 -6.400 35.900
0.000 -0.200 3.390 0.000 -3.000 35.900
0.000 -0.200 3.370 0.000 -3.000 35.900
0.000 0.330 3.121 0.000 -3.000 35.844
0.000 -0.200 3.370 0.000 -3.000 35.311
-0.240 -0.200 3.162 -1.652 -1.873 39.447
0.000 -0.856 3.276 0.000 -3.000 35.708
0.382 -0.183 3.370 0.000 -3.000 30.545
0.000 0.918 3.370 0.000 -5.383 35.334
0.000 -0.200 3.370 0.000 -3.000 36.812
-0.264 -0.200 3.370 -4.577 4.519 32.261
0.424 -0.200 3.566 0.000 -3.000 36.391
0.000 -0.200 3.329 0.000 -3.000 32.030
0.000 -0.200 3.370 0.000 -3.000 35.900
0.000 0.597 3.172 -1.848 -3.000 35.900
0.666 0.250 3.359 1.841 1.391 34.086
-0.443 0.461 3.370 0.000 -3.000 35.900
0.643 -0.200 3.614 0.000 0.152 35.900
0.027 -0.200 3.060 0.000 -3.000 30.309
0.000 -0.200 3.370 -0.365 -3.000 35.900
-0.181 -0.863 3.370 0.000 -8.575 35.900
-0.637 -0.200 3.461 0.000 -3.000 35.900
-0.595 -0.200 3.370 0.000 -5.075 33.769
0.583 -0.246 3.370 0.021 -3.000 37.148
-1.161 -0.854 3.370 3.555 3.145 35.900
0.000 -0.200 3.370 0.000 -3.000 35.900
0.000 -0.200 3.388 0.000 -10.280 35.900
0.000 -0.200 3.370 0.000 -3.000 35.900
0.314 -0.200 3.370 0.000 -4.468 36.101
0.000 -0.200 3.370 4.268 -3.000 41.325
0.000 -0.200 3.370 0.000 -3.000 35.900
0.661 -0.200 3.584 0.000 -14.580 35.900
0.000 0.094 3.370 0.000 -3.000 35.900
-0.333 -0.200 3.370 0.000 -9.193 34.813
0.000 -0.200 3.370 0.000 -3.000 35.900
0.000 -0.200 3.370 0.000 -3.000 35.900
0.000 -0.200 3.370 0.000 -0.198 35.900
0.305 -0.200 3.370 0.000 -3.000 35.900
-0.418 -0.681 3.370 2.327 -3.000 35.900
-0.985 -0.200 3.370 -4.788 5.296 29.016
-1.854 -0.036 3.227 6.388 -0.946 42.929
-0.212 -0.173 3.370 -1.152 -3.000 36.583
-0.708 -0.200 3.370 0.000 -10.963 34.783
0.405 -0.266 3.370 -2.639 -3.000 35.900
0.000 0.177 3.370 0.000 -3.362 35.900
0.000 -0.274 3.720 -3.946 -3.000 35.900
0.000 -0.200 3.370 -5.202 -3.000 35.900
-0.776 0.462 3.370 0.000 -4.840 30.770
-0.203 -0.200 3.370 -4.394 -3.000 35.900
0.000 -0.200 3.370 0.000 -3.000 35.900
0.000 -0.392 3.370 -5.829 -3.000 35.900
0.186 -0.200 3.370 0.000 -3.000 35.900
0.198 -0.646 3.107 0.000 -10.304 31.770
0.230 0.331 3.370 0.000 -3.795 35.900
-0.163 -0.200 3.453 4.905 -3.000 31.231
0.000 -0.694 2.842 0.000 -3.000 35.900
-1.034 -0.200 3.370 4.355 -3.000 40.295
-0.214 0.245 3.801 3.259 -3.000 33.422
-0.570 -0.200 3.381 -1.809 -4.722 26.774
0.112 -0.200 3.015 0.000 -4.936 33.589
-0.289 0.475 3.370 -1.424 -3.000 35.900
-0.266 -0.200 3.370 4.744 -3.000 39.934
-0.167 0.537 3.275 0.000 -3.000 35.900
-0.106 -0.200 3.265 0.000 -3.000 35.900
-0.494 -0.200 3.485 1.857 -3.000 38.372
0.000 -0.200 3.370 0.000 4.440 35.900
0.000 -0.200 3.370 0.000 -3.000 36.177
0.000 -0.200 3.370 0.000 -3.000 35.900
0.000 -0.245 3.589 0.000 -6.715 31.735
-0.516 0.117 3.370 0.000 -3.000 34.881
0.000 -0.200 3.258 0.000 0.088 40.029
0.000 -0.200 3.374 -0.887 -3.000 35.900
-0.294 -0.200 3.412 1.147 -3.288 35.900
0.000 -0.200 3.398 -2.984 -2.596 36.568
0.603 -0.200 3.370 0.000 -6.852 35.900
-0.243 -0.200 3.634 0.003 0.544 35.900
0.000 -0.200 3.370 0.000 -3.000 36.463
0.402 -0.200 3.370 4.738 -5.398 35.900
0.000 -0.677 3.370 3.902 -3.000 34.180
0.000 0.120 3.370 -0.108 -3.000 35.900
0.000 -0.200 3.370 -0.599 0.352 37.495
0.000 -0.135 3.370 0.000 -3.000 35.900
0.000 -0.091 3.370 1.051 -3.000 32.295
0.405 0.270 3.370 -2.506 -3.000 35.900
0.000 -0.200 3.370 3.768 -3.000 34.986
0.591 -0.200 3.370 -0.329 5.512 30.013
0.000 -0.839 3.199 0.000 8.044 41.260
-0.324 0.035 3.325 0.000 -4.023 32.237
-0.128 -0.200 3.370 0.000 -3.000 38.168
0.000 -0.200 3.370 0.000 -3.000 35.900
0.000 -0.200 3.370 0.000 -3.000 35.900
0.000 -0.145 3.370 -0.148 -6.326 35.900
-1.022 -0.200 3.370 0.000 -3.000 40.778
0.000 -0.200 3.370 0.000 -3.000 35.900
0.000 -0.200 3.381 0.000 -3.000 35.900
0.294 0.272 3.370 0.000 -2.471 35.900
0.000 -0.200 3.370 -2.299 -3.000 32.967
0.000 -0.200 3.703 -4.839 -3.000 35.900
0.000 -0.837 3.370 3.723 -3.000 35.900
0.000 -0.200 3.035 0.623 -3.000 36.377
0.528 -0.200 3.657 -0.310 -3.000 35.900
-0.187 -0.018 3.370 -3.835 -3.000 35.900
0.637 -0.821 3.121 0.466 -2.687 35.900
0.647 -0.087 3.602 2.665 -4.806 44.941
0.000 -0.200 3.370 0.000 -3.000 35.900
0.793 -0.200 2.977 0.000 4.172 37.831
-0.783 -0.200 3.215 3.505 -3.000 33.051
0.000 -0.200 3.370 0.000 -3.000 35.900
0.000 -0.432 3.370 0.000 -3.000 35.900
0.783 -0.161 3.166 -2.506 -8.022 32.036
-0.223 -0.200 3.122 -4.871 1.986 35.900
-0.403 -0.672 3.370 -2.727 -3.000 35.900
-0.263 0.166 3.370 0.000 -3.000 29.624
0.000 0.006 3.370 1.914 3.784 35.900
0.000 -0.200 3.370 0.000 -3.000 35.900
0.007 -0.200 3.370 -0.592 -5.511 35.113
0.000 -0.918 3.566 0.000 -3.000 35.900
-0.001 -0.200 3.370 -1.008 -5.107 35.900
0.000 -0.200 3.370 0.000 -9.572 40.516
-0.389 0.206 3.370 0.000 -10.733 35.900
0.000 -0.241 3.234 0.969 1.444 36.185
-0.790 -0.200 3.578 0.000 -3.000 37.204
0.000 -0.200 3.651 2.431 -2.010 35.900
0.000 -0.740 3.123 0.000 -3.000 29.764
1.025 -0.200 3.370 0.000 -3.000 35.036
0.000 -0.057 3.370 0.000 -3.737 35.900
-0.007 -0.200 3.370 0.000 -1.561 35.476
-0.607 -1.004 3.379 -5.760 -7.081 41.874
0.000 -0.200 3.370 0.000 -3.000 35.900
0.000 -0.200 3.370 0.000 -3.000 38.054
0.000 -0.200 3.370 0.000 -3.000 35.900
0.000 0.060 3.571 0.000 -5.172 39.690
0.000 -0.512 3.172 3.709 -5.975 35.900
0.000 -0.200 3.370 0.000 -3.000 35.900
0.000 -0.089 3.370 0.000 -3.000 35.900
0.000 -0.200 3.370 -4.963 -3.000 35.900
-0.773 -0.200 3.702 2.385 -0.843 29.883
0.000 0.180 3.542 0.000 -3.000 35.900
0.000 -0.200 3.370 3.478 -6.045 35.900
1.298 -0.718 3.078 0.856 -2.176 35.900
-0.141 -0.200 3.553 3.038 -3.000 28.505
-1.011 -0.200 3.485 -5.500 1.342 35.900
-0.695 0.079 3.302 5.224 -0.670 39.727
0.000 -0.200 3.679 0.000 -3.000 35.900
0.000 -0.200 3.370 0.000 -3.000 35.900
0.000 0.173 3.430 0.000 -2.859 32.543
0.000 -0.200 3.370 0.000 -3.000 35.900
0.534 -0.597 3.370 0.000 -3.000 35.900
0.197 -0.153 3.370 0.000 -5.579 33.674
-0.055 -0.219 3.168 -0.470 -3.000 34.648
0.000 -0.200 3.370 0.000 -3.000 35.900
-1.305 -0.200 3.334 0.000 -3.000 29.807
0.000 -0.571 3.370 0.000 -5.276 37.450
0.000 -0.346 3.370 0.000 -3.000 35.900
0.000 -0.200 3.085 0.000 1.647 42.337
0.000 -0.200 3.456 0.000 -3.000 39.277
0.738 -0.364 3.370 -3.131 -3.375 35.900
-0.174 -0.247 3.531 -4.371 -9.628 33.246
0.000 -0.200 3.339 0.000 -3.000 40.694
-0.025 -0.200 3.370 -5.867 -1.961 35.900
0.000 -0.718 3.478 -4.249 2.517 35.900
0.060 0.008 3.370 -2.122 -13.466 35.900
0.000 -0.200 3.255 0.000 -3.000 35.900
-0.288 -0.370 3.184 2.812 -8.047 34.648
0.172 0.253 3.347 0.000 -3.000 35.900
0.000 -0.200 3.370 0.000 -3.000 35.900
0.000 0.022 3.370 0.271 -3.000 40.975
0.000 -0.829 3.044 0.000 -6.051 35.900
-0.017 -0.200 3.830 7.428 3.942 40.303
-0.451 -0.709 3.370 1.042 -3.000 34.721
0.000 -0.200 3.370 0.000 -3.000 35.900
-0.547 -0.196 3.370 -0.032 -9.247 35.900
-0.560 -0.200 3.498 4.177 -1.768 35.900
0.000 -0.200 3.398 0.000 -3.000 35.900
0.147 -0.568 3.370 -3.558 -1.068 30.644
0.948 -0.744 3.370 2.218 -7.914 38.954
-1.081 -0.032 3.370 -4.105 -3.000 29.431
0.504 -0.200 3.330 0.000 -3.000 35.900
0.000 -0.200 3.370 0.000 -3.000 35.900
-1.095 -0.006 3.370 0.000 -3.000 39.164
0.000 -0.200 3.370 0.000 -3.000 35.900
0.000 -0.200 3.658 4.415 -0.256 35.900
0.000 0.396 3.014 6.059 -3.000 31.023
0.991 -0.190 3.398 0.000 -6.336 40.922
0.000 -0.200 3.341 1.203 -3.000 38.763
-0.092 -0.706 3.271 0.000 -3.000 35.900
0.000 -0.200 3.392 0.000 -4.075 35.900
0.357 -0.200 3.046 -3.168 2.683 31.023
0.383 0.113 3.845 0.000 -7.925 32.964
-0.314 0.208 3.521 3.959 -3.000 35.900
-0.094 -0.118 3.370 0.000 -3.000 35.900
0.000 -0.200 3.449 4.022 -0.842 37.967
0.046 -0.269 3.222 2.360 -2.465 30.369
0.000 -0.781 3.232 0.000 -3.000 35.900
0.000 -0.200 3.477 5.857 5.077 38.779
0.000 -0.200 3.624 0.000 -3.000 35.900
0.155 -0.200 3.708 0.000 -0.574 35.900
-1.501 -0.200 3.045 5.686 -8.266 36.370
0.541 0.148 3.370 0.648 -2.714 35.900
0.000 -0.200 3.370 0.000 -1.850 35.900
0.000 -0.200 3.370 0.000 -3.000 35.900
0.000 -0.200 3.370 0.000 -3.000 41.344
0.000 -0.248 3.393 0.000 1.336 35.900
1.297 -0.200 3.370 0.000 -0.431 32.907
0.000 -0.200 3.370 0.000 -0.046 35.900
-0.192 0.194 3.583 0.000 -3.000 35.900
-0.232 -0.037 3.492 -1.100 -0.684 39.325
0.000 -0.200 3.320 0.000 -5.502 35.900
-0.755 -0.200 3.311 -4.251 -3.000 40.079
-0.595 0.263 3.333 -5.540 -3.000 35.900
-0.446 0.002 3.370 1.263 -6.500 35.900
0.000 -0.432 3.370 0.000 -0.112 38.560
0.000 -0.381 3.292 0.000 -3.000 31.128
0.000 -0.200 3.370 0.000 -3.000 35.900
0.356 -0.157 3.270 -2.033 -3.083 37.114
-0.604 0.258 3.594 0.000 -3.000 33.000
0.003 -0.200 3.370 3.179 -18.469 35.900
0.000 -0.200 3.370 0.000 -3.000 35.900
0.000 -0.200 3.588 0.000 4.648 27.093
0.000 -0.200 3.569 0.000 -3.000 35.900
0.201 -0.337 3.104 -3.171 -3.000 34.861
0.000 -0.456 3.002 0.000 -3.000 35.900
0.000 -0.200 3.370 0.000 -3.000 35.900
0.772 -0.694 3.595 0.000 -3.000 35.900
0.948 0.206 3.545 0.000 -3.000 33.792
0.000 -0.200 3.370 0.000 -3.000 35.900
0.000 -0.200 3.370 0.000 -3.000 35.900
0.000 -0.228 3.539 0.000 -0.122 35.900
0.000 -0.200 3.370 0.000 -3.000 39.568
-1.203 -0.743 2.844 0.818 -3.000 35.900
0.000 -0.200 3.370 0.000 -3.000 35.900
-1.541 0.125 3.370 0.000 -9.194 37.744
-0.096 -0.834 3.527 9.267 0.008 29.429
0.694 -0.200 3.370 0.000 -3.000 35.900
0.291 -0.248 3.370 2.620 -3.000 35.900
0.562 -0.200 3.171 2.151 0.790 32.380
-0.641 -0.689 3.370 -7.823 -7.918 43.558
-0.437 -0.200 3.486 0.000 -3.000 35.900
0.000 -0.200 3.370 0.000 -3.000 35.900
0.000 -0.683 3.370 3.605 -3.000 42.142
0.762 0.058 3.415 1.046 1.880 38.987
-0.146 -0.125 3.712 4.671 -2.936 39.574
0.000 -0.200 3.370 0.000 -3.000 35.900
0.850 -0.200 3.370 -9.021 0.541 41.188
0.000 -0.200 3.370 1.457 -1.161 40.441
-0.374 -0.200 3.370 2.228 -5.454 35.900
0.000 -0.872 3.370 0.000 -3.000 35.900
-0.532 -0.657 3.370 4.958 -3.000 41.170
0.942 -0.388 3.370 -8.167 -5.027 35.900
0.258 0.205 3.026 2.480 -3.000 35.900
0.340 -0.083 3.698 -4.051 12.199 34.078
0.030 -0.692 3.516 0.000 -0.336 35.900
0.000 -0.200 3.370 0.000 -3.000 35.900
0.000 -0.200 3.512 -0.584 2.264 35.900
-0.115 -0.200 3.600 -2.827 -3.000 41.940
0.392 -0.200 3.388 2.697 -1.930 34.140
0.000 -0.200 3.370 0.000 -3.000 35.900
0.000 -0.200 3.616 4.256 -3.000 38.089
0.000 -0.858 3.370 -3.338 -3.000 35.900
0.731 -0.959 3.562 0.000 -3.000 35.900
0.031 -0.200 3.383 0.000 -4.133 35.900
0.000 -0.200 3.370 0.000 -3.000 35.900
0.000 -0.200 3.370 0.000 -3.000 35.900
0.000 -0.200 3.370 0.000 -3.000 35.900
0.000 -0.200 3.370 0.000 2.985 35.900
0.237 -0.200 3.370 0.000 0.179 33.493
-0.321 0.350 3.522 3.379 -3.000 35.900
0.000 -0.200 3.272 0.186 -3.000 31.370
0.000 0.488 3.370 2.525 -3.000 35.900
0.000 -0.200 3.370 0.000 -3.000 35.900
0.000 -0.200 3.370 0.000 -8.107 38.721
0.278 -0.200 3.327 4.694 -3.000 35.900
-0.755 -0.682 3.605 0.000 -3.428 36.453
0.000 -0.200 3.133 0.000 -3.000 35.900
-0.067 -0.200 3.370 0.000 -3.000 41.767
0.287 -0.862 3.370 0.000 2.482 40.735
0.000 -0.200 3.190 0.000 -3.000 33.829
-0.565 -0.200 3.117 4.653 -8.210 36.868
0.653 -1.243 3.370 0.000 -3.000 35.340
0.000 -0.200 3.146 0.000 -2.719 35.900
1.057 -0.200 3.370 0.000 1.866 35.900
-0.836 -0.200 3.093 0.000 -3.000 35.900
0.898 -0.209 3.370 0.000 -3.000 35.900
-1.256 -0.003 3.208 1.887 -2.596 31.593
0.091 0.109 3.081 0.720 -3.000 34.638
0.224 -0.324 3.370 0.000 -3.000 33.055
-0.140 0.061 3.563 -2.292 2.147 35.900
0.000 0.155 3.370 4.350 -3.000 28.282
-0.230 -0.477 3.472 0.000 0.716 35.900
0.000 -0.114 3.370 3.977 1.934 35.900
0.000 0.073 3.095 0.000 -0.642 35.900
0.268 0.059 3.552 0.000 -3.000 31.166
0.000 -0.200 3.370 0.000 -3.000 35.900
-0.686 -0.507 3.370 2.623 -0.367 35.900
-0.057 -0.580 3.370 0.000 -3.368 35.900
0.000 -0.200 3.370 0.000 -3.000 35.900
0.621 -0.200 2.622 0.911 3.078 35.900
0.000 -0.200 3.114 -1.087 -3.000 32.099
-0.168 -0.575 3.412 -0.579 -3.000 39.703
0.000 -0.753 3.370 0.000 -3.808 34.141
0.765 -0.200 2.949 2.056 4.021 42.961
0.000 -0.200 3.370 1.234 -3.000 42.779
-0.751 -0.200 3.370 0.000 -3.000 35.900
-0.491 0.722 3.370 -3.689 -0.138 36.523
0.845 -0.200 3.240 3.946 -6.427 35.900
0.000 -0.200 3.434 0.000 -0.556 35.900
0.683 -0.200 3.865 -7.297 -4.245 43.763
0.000 -0.200 3.370 0.000 -3.000 34.173
0.000 0.236 3.496 0.000 -3.000 35.444
0.037 -0.200 3.143 -4.031 -3.000 35.900
0.000 -0.606 3.311 0.600 1.990 35.900
0.000 -0.200 3.539 0.000 -3.000 35.900
-0.808 0.086 3.370 4.076 -3.000 35.900
0.209 0.259 3.370 0.000 -3.000 35.900
0.000 -0.756 3.370 0.000 2.412 35.900
0.804 -0.243 3.370 -1.698 -10.024 41.178
0.000 -0.200 3.370 0.000 -6.149 35.900
-1.239 -0.705 3.370 4.828 -0.386 35.900
0.641 -0.200 3.648 0.000 -3.000 35.900
0.000 -0.200 3.370 0.000 -3.000 35.900
-0.559 -0.495 3.958 -4.200 -3.000 38.019
0.070 -0.200 3.623 0.000 -3.000 35.900
0.131 -0.201 3.370 0.000 -3.000 34.023
0.000 -0.926 3.301 0.000 -3.000 35.900
0.000 -0.488 3.370 0.000 -3.000 32.302
0.000 0.557 3.378 -0.524 0.851 34.574
0.000 -0.200 3.370 2.306 -3.000 35.900
0.000 -0.200 3.370 0.000 -3.000 35.900
0.000 -0.200 3.370 0.000 -3.000 35.900
0.000 -0.276 3.192 -0.748 -3.000 35.900
0.000 -0.200 3.370 0.000 -3.000 35.900
-1.041 -0.304 3.323 -7.425 -9.871 30.504
0.000 -0.200 3.370 -1.610 0.962 35.900
0.000 -0.200 3.622 0.000 -3.000 35.900
0.000 -0.200 3.370 0.000 -8.161 35.900
-0.612 0.056 3.677 -2.550 -10.005 30.266
0.000 -0.200 3.370 0.000 -3.000 35.900
0.000 -0.200 3.370 0.000 -3.000 35.900
0.000 -0.200 3.036 -3.096 -3.000 35.900
-0.394 -0.200 3.663 0.000 -3.000 36.362
0.434 -0.200 3.370 0.761 -10.781 36.932
-0.028 -0.200 3.370 2.898 -3.272 35.900
0.160 -0.200 3.370 0.000 -7.511 37.039
-0.271 -0.200 3.370 0.000 -3.000 37.934
0.000 -0.200 3.238 0.000 -8.454 35.900
-1.173 -1.059 3.302 1.462 -3.000 35.900
-0.468 0.155 3.174 4.746 -5.934 34.682
0.000 -0.200 3.370 0.000 -9.434 35.900
0.032 -0.200 3.370 1.096 -3.000 37.412
0.000 -0.522 3.370 0.000 -5.917 35.900
0.714 -0.200 3.370 0.000 -7.598 38.734
-0.327 -0.070 3.030 0.000 -3.000 35.900
0.828 -0.200 3.370 0.000 -3.000 35.530
0.002 -0.200 3.370 3.122 -3.000 35.900
0.000 0.189 3.227 -3.245 -3.000 34.228
0.000 -0.200 3.489 3.644 -3.000 35.900
-0.489 -0.056 3.370 -1.651 -3.000 35.900
0.000 -0.200 3.370 0.000 -3.000 35.900
0.003 -0.200 3.370 2.277 -4.355 35.900
0.000 -0.200 3.491 0.000 4.066 31.014
0.000 -0.200 3.370 1.379 -3.000 32.552
0.602 -0.362 3.370 0.000 -2.347 38.059
0.000 0.166 3.741 0.589 -4.242 40.835
0.000 -0.431 3.370 0.981 -3.000 36.378
0.610 -0.200 3.285 3.345 3.617 34.656
0.000 0.751 2.995 0.000 -4.622 35.900
0.000 -0.200 3.370 0.000 -3.000 36.332
0.000 -0.200 3.272 -5.218 -4.407 35.900
-0.038 -0.200 3.225 0.000 4.069 35.900
-1.210 -0.143 3.561 -3.015 -4.930 35.900
0.000 -0.200 3.370 0.000 -0.879 42.605
0.000 -0.200 3.370 0.000 -3.000 35.900
0.680 -0.200 3.376 0.000 -5.920 35.900
-1.197 -0.108 3.735 0.000 -3.000 32.147
0.000 -0.200 3.370 0.000 -3.000 35.900
0.000 -0.097 3.754 -4.806 -3.000 36.255
-0.912 -0.475 3.566 -1.654 -3.000 36.616
0.133 0.369 3.259 0.000 -3.000 33.304
0.000 -0.478 3.526 1.992 2.407 33.109
0.525 -0.200 3.665 -10.052 -3.000 37.176
0.000 -0.200 3.562 0.000 -1.395 33.973
0.000 -0.200 3.370 0.000 -3.000 35.900
0.000 -0.200 3.611 0.000 -3.000 33.620
0.000 -0.200 3.370 0.000 -3.000 35.900
0.000 -0.032 3.370 0.000 -3.000 35.900
1.420 -0.200 3.370 0.000 1.214 29.758
-0.076 -0.890 3.370 -7.816 -0.667 38.557
0.000 -0.200 3.280 3.223 -3.000 36.828
0.000 -0.200 3.797 -0.959 -3.000 35.900
-0.471 -0.314 2.509 0.762 -3.000 32.915
0.000 0.298 3.801 0.000 -4.110 35.900
0.000 -0.200 3.370 0.000 -3.000 35.900
0.000 -0.216 3.370 0.000 -3.000 35.900
0.697 -0.200 3.370 4.502 -3.789 35.900
0.000 -1.154 3.634 -3.580 -2.737 26.043
0.000 -0.200 3.370 0.000 -3.000 35.900
0.000 -0.408 3.370 0.000 -3.000 35.900
0.000 -0.200 3.370 -3.554 3.381 35.900
0.000 -0.200 3.370 0.000 -3.000 42.047
-0.496 -0.329 3.221 0.000 -1.347 34.840
1.538 -0.387 3.343 0.265 -5.237 45.475
-2.624 -0.148 3.175 0.000 3.618 30.618
-0.139 -0.637 3.129 0.000 -16.828 33.254
0.000 -0.200 3.370 0.000 -3.000 38.358
0.000 0.495 3.757 0.000 1.005 35.900
0.000 -0.200 3.370 7.917 1.956 41.186
0.000 -0.668 3.236 -9.835 -3.000 40.218
0.502 0.013 3.511 0.000 -3.000 35.900
0.000 -0.903 3.370 -4.091 -3.000 30.814
0.000 0.169 3.370 4.358 -3.000 35.900
-0.494 -0.156 3.370 3.310 1.521 35.900
-0.109 -0.869 3.228 -1.571 -3.000 36.125
0.000 -0.200 3.273 0.000 -3.578 35.900
0.000 -0.499 3.370 -2.273 -3.000 34.838
0.000 -0.200 3.393 -1.300 -7.299 33.445
0.000 -0.200 3.370 0.000 -3.000 35.900
0.000 -0.200 3.175 -1.037 -3.000 35.900
-1.400 -0.321 3.609 -1.807 -3.000 31.509
0.000 0.467 3.370 -2.041 1.785 33.602
0.889 -0.200 3.456 0.000 -3.000 35.900
-0.261 -0.528 3.584 1.726 -3.000 32.392
-1.142 0.876 3.370 0.000 -0.775 40.696
0.000 -0.200 3.370 0.682 -3.000 35.900
0.186 -0.200 3.370 1.100 4.298 35.594
0.000 -0.200 3.370 5.028 -3.000 34.511
0.000 -0.200 3.370 0.000 -3.000 32.091
0.000 -0.200 3.309 4.243 3.929 35.900
0.000 -0.200 3.147 0.000 -3.000 35.900
0.405 -0.200 3.370 1.352 -3.000 35.900
0.336 -0.200 3.370 0.000 -3.000 32.557
-0.673 -0.200 3.370 0.000 0.028 33.373
-0.488 0.163 3.460 0.000 -8.461 35.900
0.000 -0.200 3.507 6.683 -3.000 35.900
0.000 0.093 3.370 2.567 -3.000 29.422
0.000 0.400 3.698 0.000 3.431 39.027
0.000 -0.200 3.370 0.000 -3.000 35.900
0.000 -0.200 3.596 0.000 -4.223 35.900
0.000 -0.200 3.039 0.000 -3.000 35.900
0.000 -0.666 3.370 0.000 -3.000 35.900
0.000 -0.200 3.370 0.000 -0.017 35.900
0.000 -0.857 3.370 3.720 -3.000 35.900
0.000 0.039 3.357 0.000 -3.000 31.250
0.000 -0.200 3.370 4.625 -3.000 35.900
0.764 0.793 2.989 3.831 -6.049 35.900
0.000 -0.200 3.370 0.000 -3.000 35.900
-0.053 -0.200 3.370 0.000 -3.000 32.085
0.000 -0.668 3.202 0.000 0.954 29.884
-1.193 -0.200 3.370 0.000 -3.000 35.900
0.705 -0.513 3.370 0.000 -6.526 36.866
0.000 -0.200 3.370 4.186 -3.000 35.900
0.000 -0.200 3.370 0.000 -3.000 34.828
0.000 -0.200 3.370 0.000 -3.000 35.900
0.000 -0.200 3.370 4.912 -3.167 32.175
0.000 -0.200 3.370 0.000 -3.000 35.900
0.267 -0.728 3.370 0.000 -3.000 35.900
0.084 -0.011 3.637 0.000 -3.000 34.107
0.000 -0.200 3.370 0.000 -3.000 35.900
0.554 -0.200 3.002 0.000 -3.000 45.308
0.000 -0.200 3.370 0.000 -3.000 35.900
0.813 -0.200 3.370 3.943 -3.000 32.515
0.000 -0.539 2.994 0.000 -4.224 34.366
-0.615 -0.200 3.370 -4.893 -3.000 35.900
0.000 -0.200 3.370 0.000 -3.000 35.900
0.226 -0.113 3.370 3.103 -3.000 38.110
0.000 0.000 3.374 2.561 -3.000 35.900
0.000 -0.200 3.370 0.000 -3.000 35.900
0.000 -0.200 3.591 5.121 -1.672 34.549
0.000 -0.200 3.058 0.438 -3.000 37.198
0.000 -0.194 3.370 -1.150 -3.000 35.900
0.386 -0.200 3.656 6.900 -13.018 35.900
-0.482 -1.209 3.713 0.000 -3.000 39.375
0.000 -0.452 3.323 0.000 -8.273 39.312
0.000 -0.200 3.370 -4.059 -9.194 35.900
-0.662 -0.200 3.370 0.000 -3.000 35.900
0.000 -0.200 3.370 0.000 -3.000 35.900
0.000 -0.200 3.370 0.000 -3.000 35.900
0.000 -0.011 3.370 0.000 1.674 35.900
0.881 -0.200 3.223 4.052 -3.000 34.948
0.000 -0.200 3.683 -4.419 -1.575 33.460
-0.968 -0.200 3.005 5.146 -3.000 35.900
0.738 -0.200 3.370 0.000 -3.264 40.265
0.000 -0.200 3.305 -0.885 -2.023 35.900
0.000 -0.998 3.370 0.000 -3.000 29.696
-0.730 -0.200 3.370 4.806 -3.000 35.900
1.696 -0.545 3.027 -4.460 -7.173 41.479
0.000 -0.500 3.434 0.000 -0.387 35.900
-0.026 -0.200 3.089 -4.231 -3.000 30.904
0.094 -0.200 3.257 0.000 -3.000 35.822
0.000 -0.200 3.298 0.000 -3.000 35.900
0.000 -0.200 3.370 3.831 -7.348 35.900
0.000 -0.209 3.370 0.000 1.578 35.900
0.000 -0.789 3.041 0.000 -3.000 32.006
0.000 -0.302 3.731 0.434 -3.000 35.900
0.185 -0.061 3.443 0.000 -3.000 35.900
0.000 -0.200 3.370 2.739 4.235 35.900
0.213 -0.200 3.347 0.000 -2.289 35.900
0.000 -0.200 3.648 -4.005 -0.080 35.900
0.000 -0.200 3.370 0.000 -3.000 35.900
-0.507 0.055 3.642 -1.765 -3.995 31.850
-2.211 -0.200 3.708 0.000 -3.900 35.900
0.443 -0.695 2.908 -0.387 -7.639 35.900
0.000 -0.200 2.931 0.000 -3.000 31.668
-0.037 -0.200 3.060 0.000 3.439 33.173
0.000 0.143 3.337 -2.752 -4.493 32.203
0.776 0.276 3.370 0.000 -5.449 39.987
0.000 -0.200 3.370 1.864 -3.000 40.548
-0.479 -0.468 3.143 0.000 -2.754 35.025
0.565 -0.205 3.322 4.387 -3.000 35.900
0.000 -0.026 3.370 -4.586 -1.021 35.900
0.000 -0.274 3.370 0.000 2.218 28.078
0.000 -0.200 3.370 -3.222 -3.000 33.814
0.141 -0.852 3.499 5.371 -4.653 35.900
-0.793 0.907 3.370 0.877 3.433 37.671
0.000 -0.200 3.187 0.000 -3.000 35.900
1.648 0.866 3.513 0.000 -5.613 30.813
-0.123 0.725 3.222 4.457 -10.745 37.981
0.000 -0.200 3.370 0.000 -3.000 35.900
0.189 -0.409 3.634 1.287 -8.149 30.218
0.716 0.166 3.370 -1.602 10.284 34.421
0.000 -0.200 3.370 0.000 -3.000 35.900
-0.363 -0.200 3.109 1.716 -3.000 32.210
0.000 -0.939 3.370 0.000 -1.817 33.808
0.000 -0.200 3.243 -1.591 3.072 35.900
0.000 -0.033 3.500 -3.137 -3.000 36.665
0.700 -0.788 3.370 0.000 4.797 34.258
0.339 -0.200 3.370 -0.475 -3.000 35.900
0.000 0.106 3.303 0.000 -3.000 35.900
0.000 -0.145 3.418 0.000 -3.000 42.040
0.240 -0.200 3.754 2.380 -5.058 31.678
-0.704 -0.200 3.279 -12.230 -9.435 32.611
0.000 -0.200 3.437 0.000 -3.000 35.455
-0.168 0.269 3.036 -8.867 -3.000 35.900
0.000 -0.200 3.450 -2.841 0.014 37.366
0.000 -0.200 2.818 -2.799 -3.000 35.900
0.000 -0.200 3.370 0.000 -3.000 35.900
0.000 -0.200 3.370 2.645 2.959 41.326
-0.724 -0.200 3.127 -3.689 -3.000 34.425
0.000 -0.200 3.488 -4.389 2.063 35.900
0.000 -0.200 3.370 0.000 3.159 35.900
-0.630 -0.200 3.370 5.864 -2.474 35.900
0.000 -0.376 3.370 0.000 -3.000 40.896
0.000 -0.571 3.370 0.000 -6.918 39.794
0.763 -0.232 3.370 -1.823 -3.000 35.900
-0.649 -0.200 3.714 2.680 -3.000 37.693
0.598 0.192 3.330 0.000 -3.000 35.199
-0.485 -0.200 3.329 0.000 -4.644 38.024
0.000 -0.200 3.382 0.000 -2.329 35.900
0.713 -0.200 3.567 3.728 -5.874 35.900
0.000 -0.200 3.370 -4.274 -3.000 35.900
0.737 -0.200 3.370 -3.487 -3.000 35.900
0.000 -0.200 3.370 0.000 -8.723 35.900
0.000 -0.200 3.370 0.000 -3.000 35.900
-0.575 -0.777 3.371 3.098 -3.000 35.974
-2.002 -0.200 3.436 2.367 5.450 33.574
0.000 -0.200 3.370 0.000 -3.000 35.900
0.000 -0.200 3.370 0.000 -3.000 35.900
0.000 -0.200 3.370 0.000 -3.000 35.900
-0.015 -0.551 3.370 3.095 2.043 38.712
0.000 -0.200 3.107 0.000 -3.000 35.900
0.000 -0.036 3.370 0.000 -8.326 40.462
0.000 0.161 3.333 0.000 -3.000 35.900
0.000 -0.200 3.370 0.000 -3.000 31.002
0.000 -0.200 3.370 0.000 -0.592 35.900
-1.272 -0.200 3.016 0.000 -3.000 40.345
-1.277 -0.200 3.325 -7.613 -5.337 32.169
0.000 -0.200 3.385 0.000 -3.000 35.900
0.000 0.209 3.370 0.000 -3.000 35.900
0.000 -0.200 3.370 0.274 -3.000 35.900
-0.213 -0.284 3.087 -3.826 1.143 33.327
0.482 -0.200 3.370 0.000 -3.000 39.078
0.163 -1.485 3.370 -3.210 1.612 28.983
0.000 -0.200 3.370 0.000 -3.000 35.900
0.335 0.619 3.370 2.608 -3.000 30.143
0.000 -0.200 3.370 0.000 -3.000 35.900
0.000 -0.237 3.141 0.000 1.991 35.900
0.000 -0.200 2.956 0.000 -5.920 35.348
0.000 -0.200 3.370 0.000 -1.928 35.900
-0.859 -0.398 3.370 0.000 -8.834 33.873
0.000 -0.200 3.370 -4.688 -9.093 35.900
0.556 -0.200 3.370 0.000 -3.000 31.051
0.000 -0.200 3.370 0.000 -3.000 35.900
0.000 -0.689 3.511 -4.483 -12.462 34.023
-1.046 0.380 3.480 -1.777 -3.000 35.900
0.557 -0.575 3.370 5.133 -3.000 32.509
-0.977 0.038 3.370 -3.219 -3.000 39.321
0.349 -0.200 3.370 0.000 -3.000 33.244
0.547 -1.107 3.278 -4.103 -8.568 35.900
0.000 -0.455 3.370 0.000 -3.000 35.009
0.000 -0.200 3.017 0.000 -3.000 35.900
0.000 -0.518 3.370 0.000 -3.000 35.900
0.000 0.385 3.370 0.000 -3.000 35.900
0.000 -0.200 3.370 0.000 -3.000 35.900
0.614 -0.200 3.370 -2.501 -3.000 35.900
0.749 -1.186 3.510 1.962 -9.073 35.900
0.000 0.088 3.370 -3.835 -5.292 35.900
1.527 0.943 3.401 -0.244 -0.300 37.831
0.000 -0.537 3.493 5.684 -7.724 35.900
0.000 -0.146 3.370 0.463 -3.000 33.764
-0.088 -0.200 3.370 -0.545 -3.000 41.693
1.069 -0.200 3.622 0.000 -1.568 35.900
0.000 -0.200 3.370 -0.551 -3.000 42.286
0.000 -0.200 3.630 0.000 -3.000 38.274
0.000 -0.200 3.386 1.936 -7.008 35.900
-0.403 -0.238 3.320 0.000 3.843 35.387
0.919 -0.200 3.370 -5.602 -4.835 39.878
-1.074 -0.587 3.480 -5.578 9.082 31.614
0.820 -0.200 3.465 1.555 -11.239 30.183
0.000 -0.200 3.400 0.000 -9.292 35.900
0.000 -0.200 3.541 0.000 -9.479 35.900
-1.623 -0.389 3.370 0.000 -2.971 30.211
0.000 -0.200 3.603 3.629 -3.000 40.776
0.000 -0.200 3.370 0.000 -3.000 35.900
0.000 -0.980 3.091 0.000 -3.000 31.293
-0.057 -0.282 3.370 0.000 -3.000 35.387
0.000 -0.128 3.301 -5.859 -9.957 35.442
0.000 -0.497 3.573 0.000 -3.000 35.900
-0.309 -0.124 3.196 0.000 -3.000 37.070
0.000 -0.200 3.370 0.000 -3.000 35.900
0.000 -0.557 3.370 0.000 -4.123 35.546
-0.348 -0.200 3.370 5.293 -3.000 35.900
0.000 -0.644 3.370 0.000 -3.000 35.900
0.000 -0.200 3.370 0.000 -3.000 35.900
-0.392 -0.200 3.370 0.917 -3.000 38.955
-0.710 -0.592 3.410 2.730 3.316 34.161
0.783 -0.079 3.370 3.799 -2.044 31.262
0.000 -0.200 3.370 0.000 -3.000 35.900
0.646 -0.200 3.518 -2.280 -7.552 35.900
0.000 -0.554 3.389 0.000 0.967 33.176
-1.071 -0.278 3.370 0.000 -3.000 35.900
0.818 0.409 3.370 0.000 -3.000 35.900
0.000 -0.200 3.135 0.000 -7.673 34.137
-0.665 -1.423 3.614 -4.215 -3.000 35.900
0.310 0.363 3.366 0.000 -9.216 35.900
0.000 -0.200 3.434 3.863 -7.664 35.900
0.000 -0.200 3.354 0.000 -3.000 36.080
0.669 -0.200 3.928 0.000 -3.000 35.900
-0.268 -0.200 3.404 1.509 1.585 35.900
0.000 0.213 3.208 0.374 -3.000 35.900
0.000 -0.200 3.370 0.000 -0.462 35.900
0.000 0.184 3.290 2.689 -1.880 38.905
0.000 -0.200 3.370 -4.900 -3.000 35.900
0.000 -0.200 3.370 0.000 -3.000 35.900
0.000 -0.200 2.957 5.903 -10.624 40.798
0.000 -0.200 3.470 0.000 -3.000 31.209
0.000 -0.200 3.003 0.000 -3.000 35.900
0.000 0.335 3.112 0.367 -6.069 35.900
-0.309 0.131 3.550 1.009 -6.156 42.055
0.000 -0.200 3.370 0.000 -3.000 35.900
0.000 1.011 3.162 4.391 -3.000 35.900
0.000 -0.200 3.370 0.000 -4.437 35.900
0.000 -0.402 3.296 0.000 4.976 40.158
0.000 -0.200 3.370 2.048 2.861 35.900
0.000 -0.276 3.370 1.589 -0.601 31.645
0.263 -0.200 3.979 0.000 -3.000 33.197
0.000 -0.022 3.344 3.677 -7.037 38.440
0.476 0.282 3.370 0.000 0.855 35.900
-0.667 -0.200 3.370 0.000 -3.000 33.076
0.000 -0.200 3.436 0.000 -3.000 35.900
0.000 -0.200 3.513 2.001 -3.000 34.808
0.000 -0.200 3.370 -1.188 -1.749 35.900
0.000 -0.298 3.133 -1.798 -3.000 32.792
0.000 -0.200 3.249 0.000 -3.000 35.900
0.000 -0.200 3.219 -5.295 -3.000 35.900
-0.744 -0.828 3.041 2.511 -3.680 35.900
-0.339 -0.200 3.370 0.000 -3.000 35.900
-0.900 -0.200 3.370 0.000 -3.000 35.900
0.000 -0.177 3.370 0.000 -3.000 35.900
