0.000 -0.200 3.370 0.000 -3.000 35.900
0.000 -0.200 3.370 0.000 -3.000 35.900
-0.523 -0.200 3.370 0.000 -3.000 34.694
0.000 -0.200 3.269 3.534 -3.000 39.960
0.000 -0.200 3.370 0.000 -3.000 35.900
0.000 -0.200 3.011 1.067 -3.187 35.900
0.000 0.183 3.370 0.000 -4.208 35.900
0.000 -0.200 3.370 0.000 -3.000 35.900
-0.476 -0.200 3.370 0.000 -3.000 36.747
0.000 -0.200 3.370 0.000 -3.000 35.900
1.087 -0.200 3.183 0.889 -3.000 36.801
0.000 -0.200 3.370 0.000 -3.000 35.900
0.000 -0.168 3.311 3.043 -3.000 35.900
0.000 -0.200 3.370 0.000 -3.000 35.900
0.000 -0.200 3.370 0.000 -3.000 35.900
0.000 -0.200 3.370 0.000 -3.000 35.900
0.746 -0.200 3.318 0.000 -3.000 35.900
0.000 -0.200 3.370 3.051 -3.000 35.900
0.000 -0.200 3.370 0.000 -3.000 35.900
0.000 -0.200 3.157 0.028 -7.519 35.900
-1.557 -0.037 3.161 -1.954 -3.000 29.357
0.000 -0.200 3.370 0.000 -3.000 35.900
0.000 -0.200 3.370 -4.964 -1.289 36.005
0.000 -0.200 3.370 0.000 -3.000 35.900
0.000 -0.200 2.973 0.000 -10.382 37.310
0.000 -0.200 3.370 0.000 -3.000 35.900
0.000 -0.200 3.370 0.000 -3.000 35.900
0.000 -0.322 3.370 0.000 -3.484 35.900
0.000 0.103 3.039 2.453 -3.374 35.900
0.000 -0.200 3.370 0.000 -3.000 35.900
0.000 0.071 3.370 0.000 -9.309 40.163
0.000 -0.200 3.370 0.000 -3.000 35.900
0.000 -0.200 3.370 0.000 -3.000 35.900
0.000 -0.200 3.370 0.000 -3.000 35.900
0.000 -0.200 3.157 0.000 -3.000 35.900
0.000 -0.200 3.370 0.000 -3.000 35.900
0.000 -0.200 3.370 0.000 -3.000 35.900
0.000 -0.200 3.370 0.000 -3.000 35.900
0.000 -0.104 3.370 0.000 -3.000 35.900
0.000 -0.200 3.370 0.000 -3.000 35.900
0.000 -0.200 3.370 0.000 -3.000 35.900
0.000 -0.200 3.370 0.000 -3.000 35.900
0.796 -0.444 3.370 0.702 -3.000 34.253
0.000 -0.200 3.370 0.000 -3.000 35.900
0.000 -0.163 3.370 0.000 -8.310 35.900
0.274 -0.200 3.370 3.254 -3.000 32.093
0.000 -0.455 3.969 0.000 -5.957 38.325
0.000 -0.200 3.370 -5.386 -3.000 35.900
-0.427 -0.200 3.370 0.000 2.617 35.900
0.000 -0.200 3.370 2.069 -3.000 35.900
-0.384 -0.200 3.434 0.000 -3.000 35.900
0.758 -0.200 3.019 0.000 -2.452 35.770
-0.876 -0.200 3.370 3.475 -3.000 35.900
0.000 -0.309 3.370 1.361 -3.000 35.900
0.000 -0.200 3.370 0.000 -3.000 35.900
0.000 -0.200 3.370 0.000 -3.000 35.900
-0.025 -0.200 3.370 0.000 -3.000 35.900
-0.188 -0.200 3.370 -3.019 -3.000 36.200
0.000 -0.435 3.370 0.000 1.502 35.900
0.000 -0.200 3.370 -2.475 -2.545 33.711
0.000 -0.200 3.370 0.000 -3.000 35.900
0.000 -0.200 3.370 0.000 -3.000 35.900
0.000 -0.200 3.517 2.239 -3.000 35.900
-0.654 -0.200 3.349 0.000 -3.000 35.900
-0.076 -0.200 3.370 0.000 -3.000 35.900
0.000 -0.200 3.370 0.000 -3.000 42.135
0.000 -0.200 3.370 0.000 -3.000 35.900
-0.840 -0.200 3.370 0.000 -3.000 35.900
0.000 -0.200 3.370 0.000 -3.000 35.900
-0.437 -0.200 3.387 4.140 -3.000 35.900
0.000 -0.200 3.370 0.000 -3.000 35.900
0.000 -1.272 3.546 3.853 -3.000 35.900
-0.221 -0.359 3.175 0.000 -3.000 35.900
1.038 -0.200 3.370 0.000 -3.000 35.824
0.000 -0.297 3.134 -5.694 -9.691 35.900
0.000 -0.200 3.370 0.000 -3.000 35.900
0.000 -0.200 3.370 -2.918 -9.269 35.153
0.887 -0.491 3.370 0.000 -3.000 35.900
-0.036 -0.028 3.370 0.000 -3.000 41.702
0.000 -0.200 3.370 0.000 -3.000 35.900
0.000 -0.027 3.649 1.140 -3.000 36.820
0.000 -0.200 3.153 0.000 -3.000 35.900
0.537 -0.200 3.485 0.000 -3.000 35.900
0.562 -0.779 3.370 0.000 -3.000 30.906
0.000 -0.200 3.370 0.000 -5.693 35.900
0.000 -0.200 3.370 0.000 -3.000 35.900
0.000 -0.200 3.333 0.000 2.879 35.900
0.000 -0.200 3.564 0.000 -9.752 35.900
0.000 -0.200 3.370 0.000 -3.000 35.900
0.886 -0.200 3.332 0.000 7.177 35.900
0.000 -0.200 3.370 0.000 -3.000 35.900
0.000 -0.369 3.673 0.329 -3.000 35.900
0.058 -0.513 3.952 -3.102 9.231 30.237
-0.100 -1.548 3.370 0.742 -8.248 35.900
0.000 -0.200 3.370 0.000 -3.000 35.900
0.000 -0.200 3.370 0.000 -3.000 35.699
0.822 -0.200 3.370 0.000 -3.000 36.901
-0.578 -0.883 3.370 0.000 4.664 35.900
0.000 -0.200 3.684 4.014 -2.611 35.900
0.000 -0.200 3.370 0.000 -3.000 35.900
-0.251 -0.200 3.370 0.923 -3.000 35.900
0.000 -0.200 3.370 0.000 -3.000 35.900
0.000 -0.200 3.370 3.575 -3.000 35.900
0.519 -0.200 3.101 0.000 -3.000 34.215
0.000 -0.687 3.370 0.000 -3.000 31.124
0.000 0.292 3.370 0.000 -8.127 35.900
0.000 -0.200 3.221 -3.822 -1.790 35.900
0.000 -0.383 3.370 -0.042 -3.000 34.801
0.000 -0.200 3.370 0.000 -3.000 35.900
0.000 -0.200 3.370 0.000 -3.000 35.900
0.000 -0.200 3.370 0.000 -1.331 31.987
0.000 -0.200 3.370 0.000 -3.000 35.900
0.000 -0.200 3.370 0.000 -3.000 35.900
-0.776 -0.644 3.370 0.000 -3.000 35.900
0.787 -0.200 3.549 0.000 0.384 32.304
0.000 -0.200 3.370 0.000 -3.000 36.533
0.000 -0.200 3.370 0.000 -3.000 35.900
0.000 -0.200 3.370 0.000 -3.000 35.900
0.000 -0.200 3.370 0.000 -3.000 35.900
-0.487 -0.199 3.370 0.000 -3.000 35.900
1.345 -0.200 3.370 1.816 -3.000 35.900
0.000 0.175 3.340 0.000 -3.000 35.900
0.000 -0.200 3.370 0.000 -3.000 35.900
0.000 -0.200 3.370 0.000 -3.000 34.511
0.000 -0.288 3.370 0.000 -3.000 40.153
0.000 -0.200 3.370 0.000 -3.000 35.900
0.000 -0.200 3.370 2.567 -3.000 37.066
0.000 -0.200 3.370 0.000 -3.000 35.900
0.357 -0.200 3.370 5.092 -8.184 35.900
0.000 -0.200 3.346 0.000 -3.000 40.430
0.578 -0.435 3.370 0.000 3.831 35.900
0.000 -0.200 3.370 0.000 4.392 35.900
0.000 -0.200 3.370 0.000 3.307 39.742
0.000 -0.200 3.072 0.000 -3.000 35.900
0.000 -0.200 3.370 0.000 -3.000 35.900
0.000 -0.200 3.370 0.000 -3.000 35.900
0.000 -0.200 3.370 0.000 -3.000 37.276
-1.738 -0.200 3.370 0.573 -3.000 36.422
0.000 -0.200 3.370 0.000 -3.000 35.900
0.000 -0.200 3.370 0.000 -3.000 35.900
0.000 -0.200 3.370 0.000 -3.000 35.900
-1.365 -0.200 3.200 0.000 2.309 47.339
0.000 -0.200 3.370 0.000 -3.000 35.900
0.334 -0.422 3.370 0.000 -3.000 35.900
0.000 -0.200 3.370 0.000 -6.125 35.900
0.000 -0.200 3.377 0.000 0.513 35.900
0.000 -0.200 3.370 0.000 -3.000 35.900
0.000 -0.141 3.370 0.000 -3.000 35.900
0.593 -0.032 3.191 0.000 7.374 35.900
0.000 -0.200 3.370 0.000 -3.000 35.900
0.410 -0.200 3.112 0.473 -3.850 35.900
-0.722 -0.200 3.370 2.703 -3.000 34.760
0.000 -0.200 3.370 0.000 -3.000 35.900
0.000 -0.200 2.896 0.000 -3.000 30.681
0.000 -0.200 3.370 0.000 -3.000 35.900
0.000 -0.200 3.370 0.000 -3.000 35.900
-0.606 -1.402 3.370 6.232 -3.000 35.900
0.000 -0.200 3.205 0.000 -3.000 35.900
1.436 -0.200 3.131 0.000 -3.000 35.232
0.000 -0.200 3.370 0.000 -3.000 39.057
0.000 -0.200 3.370 -2.440 -0.563 35.900
0.000 -0.200 3.370 -1.879 -3.042 35.900
0.000 -0.200 3.370 0.000 -3.000 35.900
0.000 -0.200 3.370 0.000 -3.000 35.900
0.000 -0.200 3.370 3.309 -3.000 37.462
0.000 -0.764 3.609 2.934 -3.000 35.900
0.000 -0.200 3.370 0.000 -9.328 35.900
-0.706 -0.771 3.370 -0.468 -1.355 34.924
0.000 -0.200 3.885 4.449 -1.632 35.900
0.000 -0.200 3.370 0.000 -3.000 35.900
-0.704 -0.200 3.370 -3.865 -3.000 35.900
1.169 0.015 3.370 -2.012 -3.000 35.900
0.000 -0.200 3.073 2.737 -3.000 35.900
0.000 -0.200 3.370 0.000 -3.000 35.900
1.294 -0.326 3.275 0.000 -9.091 30.682
-0.329 -0.126 3.092 0.000 -4.106 39.446
0.000 -0.338 3.370 0.000 -0.089 42.208
0.000 -0.200 3.370 0.000 -3.000 35.900
0.000 -0.200 3.642 -1.721 -3.000 41.511
-0.246 -0.200 3.370 0.000 -2.071 35.900
0.000 -0.200 3.370 0.000 -3.000 35.900
-0.089 -0.408 3.370 -0.668 -3.000 35.900
-0.120 -0.200 3.370 0.000 -3.000 35.900
0.000 -0.200 3.370 0.000 -3.000 35.900
2.344 -0.487 3.370 -2.235 -3.000 36.249
0.000 -0.200 3.390 0.000 3.580 35.900
0.000 -0.200 3.370 0.000 -3.000 35.900
-0.014 -0.200 3.510 4.345 0.178 35.900
0.000 -0.490 3.370 0.000 -3.000 35.900
0.000 -0.200 3.370 -1.868 -3.000 35.900
0.000 -0.200 3.449 -2.340 -3.000 35.900
0.000 -0.200 3.791 6.587 -10.501 36.966
0.000 -0.744 3.549 0.000 2.657 35.900
1.210 -0.200 3.370 -3.347 -3.000 35.900
0.000 -0.200 3.615 -4.078 -3.000 35.900
0.000 -0.200 3.493 0.000 -3.000 32.849
0.000 -0.200 3.370 0.000 -3.000 35.900
0.000 -0.200 3.370 0.000 -3.000 35.900
0.000 -0.200 3.370 0.000 -3.000 35.900
0.000 -0.200 3.370 0.000 1.759 35.900
-0.146 -0.139 3.370 -2.383 -3.000 35.900
0.000 -0.705 3.370 4.613 -4.783 35.900
0.000 -0.200 3.227 0.000 -8.479 36.965
0.539 -0.200 3.370 0.000 -3.000 35.900
0.000 -0.200 3.370 0.000 -3.000 35.900
0.000 -0.200 3.370 0.000 -3.000 35.900
0.000 -0.200 3.370 0.000 -3.000 35.900
0.000 -0.200 3.370 0.000 -3.000 35.900
0.000 -0.200 3.312 0.000 -1.303 35.900
0.000 -0.200 3.370 0.000 -3.000 35.900
0.000 -0.200 3.370 0.000 -3.000 35.900
0.000 -0.200 3.370 0.000 -3.000 35.900
0.000 -0.200 3.370 0.000 -4.420 34.788
0.000 -0.200 3.529 0.000 -3.000 34.547
0.000 -0.200 3.370 0.000 -3.000 35.900
0.000 -0.200 3.370 0.000 -3.000 35.900
0.027 -0.200 3.205 0.000 -3.000 35.900
0.000 -0.200 3.370 0.000 -3.000 35.900
0.132 -0.200 3.370 0.000 -2.976 35.900
0.000 -0.380 3.238 0.000 -3.000 34.525
0.000 -0.200 3.370 0.000 -3.000 35.900
0.000 -0.200 3.370 0.000 -0.964 37.702
-0.421 -0.200 3.370 0.000 -3.000 35.900
0.000 -0.200 3.370 0.000 -3.000 35.900
0.214 -0.444 3.370 -1.026 -3.000 35.900
-0.362 -0.200 3.370 8.084 -11.231 35.900
0.000 -0.200 3.370 8.843 -3.000 35.900
0.000 -0.200 3.370 1.797 -3.000 31.709
0.000 -0.200 3.330 0.000 -3.000 35.900
0.557 -0.200 3.495 1.174 -9.186 33.140
0.000 0.815 3.370 -4.404 -3.000 31.670
0.000 -0.200 3.124 1.850 -1.864 35.900
0.000 -0.200 3.370 0.000 -3.052 32.809
0.248 -0.011 3.370 2.583 -3.544 40.988
0.000 -0.200 3.370 0.000 -3.000 35.900
0.000 -0.200 3.370 0.000 -3.000 35.900
0.000 -0.200 3.370 0.000 -3.000 31.243
0.000 -0.695 3.370 0.000 -3.000 39.995
0.000 -0.200 3.370 0.000 -1.704 35.900
0.000 -0.322 3.370 4.173 -3.167 35.900
0.000 -0.200 3.370 0.000 -3.000 35.900
-0.167 -0.200 3.370 0.000 2.859 35.900
0.000 -0.200 3.370 0.000 -3.000 35.900
-0.992 -0.200 3.395 -2.605 3.708 46.894
0.000 -0.200 3.133 0.000 4.111 40.204
0.000 -0.200 3.548 0.000 -3.000 37.083
0.083 -0.200 3.418 0.000 -3.000 35.129
0.790 -0.200 2.915 4.189 1.694 35.900
0.000 -0.200 3.370 0.000 -3.000 35.900
-0.120 -0.407 3.370 0.000 -0.444 38.973
0.000 -0.200 3.370 0.000 -3.000 35.900
0.000 -0.200 3.551 0.000 -8.824 41.978
0.000 -0.200 3.370 0.000 -3.000 35.900
-0.204 -0.860 3.656 3.451 3.184 40.565
0.000 -0.200 3.370 0.000 -3.000 35.900
0.000 -0.200 3.370 0.000 -3.000 35.900
0.000 -0.200 3.370 0.000 -3.000 35.900
0.010 -0.200 3.556 0.000 -6.915 35.900
0.000 0.428 3.370 -0.155 -3.000 36.533
0.000 -0.005 3.600 0.284 -3.000 35.900
0.000 -0.200 3.370 0.000 -3.000 35.900
0.000 -0.200 3.370 0.000 -3.000 35.900
0.749 0.178 3.370 0.000 -3.000 35.900
0.000 -0.200 3.370 0.000 -1.504 35.900
0.000 -0.002 3.370 0.000 -3.000 43.668
0.000 -0.200 3.370 0.000 -3.000 35.900
0.000 -0.200 3.370 0.000 -3.000 35.900
0.181 -0.044 3.370 0.000 -3.000 35.900
0.000 -0.200 3.185 0.000 -3.000 35.900
0.000 -0.200 3.370 0.000 -3.000 35.900
0.000 -0.200 3.370 0.000 -3.000 35.900
0.000 -0.200 3.370 0.000 -3.000 35.900
0.000 -0.752 3.370 0.000 -3.000 35.900
0.000 -0.200 3.370 0.000 -3.000 35.900
0.000 -0.200 3.370 0.000 -3.000 35.900
-0.113 -0.151 3.370 0.000 -4.360 35.900
0.000 -0.200 3.370 0.000 -3.000 36.417
-0.648 0.289 3.027 0.000 -0.417 35.900
-0.414 -0.200 3.370 3.610 -3.000 35.546
-0.643 -0.771 3.370 -4.701 -9.262 35.900
0.000 0.159 3.241 0.423 1.411 35.900
0.000 -0.200 3.370 0.000 -3.000 35.900
1.060 0.157 3.131 0.000 -2.520 35.900
0.000 -0.200 3.370 0.000 -3.000 35.900
0.000 0.175 3.370 -0.527 -3.000 42.204
0.000 -0.200 3.572 0.000 -3.000 33.898
0.000 -0.200 3.652 3.813 -4.103 35.900
0.000 -0.200 3.370 3.238 2.317 35.900
0.000 -0.200 3.370 0.000 -3.000 41.519
0.000 -0.200 3.370 0.000 -3.000 35.900
0.000 -0.200 3.479 0.000 -3.000 35.165
0.000 -0.200 3.681 -3.497 -3.000 35.900
0.000 -0.200 3.370 0.000 -3.000 35.900
0.000 -0.200 3.370 0.000 -3.000 35.900
0.000 -0.200 3.370 0.000 -1.105 35.900
0.000 -0.200 3.370 0.000 -0.933 35.900
0.000 -0.200 3.370 -4.053 -0.599 35.653
0.000 -0.436 3.370 4.090 -3.000 35.900
-0.266 -0.200 3.370 0.000 -3.000 30.443
0.000 -0.451 3.370 -4.712 1.397 35.900
0.000 -0.200 3.598 -0.278 -7.779 35.900
0.000 -0.200 3.137 -0.733 -3.113 37.883
0.624 -0.200 3.370 -0.481 -3.000 35.900
0.000 -0.200 3.370 0.000 -3.000 35.900
0.149 -0.200 3.370 4.744 -3.000 34.057
0.000 -0.200 3.370 0.000 -3.000 35.900
0.000 -0.200 3.370 0.000 -3.000 35.900
0.000 -0.200 3.370 0.000 -3.000 35.900
0.000 -0.811 3.370 -3.985 1.422 35.900
0.000 -0.200 3.370 -2.886 -3.000 35.900
0.000 -0.200 3.390 0.000 -3.000 35.900
0.000 -0.200 3.370 0.000 -3.000 35.900
0.000 -0.200 3.370 0.000 -3.000 35.900
0.000 -0.200 3.370 0.000 -3.000 35.311
-0.240 -0.200 3.162 0.000 -1.873 35.900
0.000 -0.398 3.053 0.000 -3.000 30.956
0.382 -0.200 3.370 0.000 -3.000 35.900
0.000 0.918 3.370 0.000 -5.383 35.334
0.000 -0.200 3.370 0.000 -3.000 36.812
0.000 -0.200 3.370 0.000 -3.000 35.900
0.000 -0.200 3.370 0.000 -3.000 35.900
0.000 -0.200 3.329 0.000 -3.000 32.030
0.000 -0.200 3.370 0.000 -3.000 35.900
0.000 -0.200 3.370 0.000 -3.000 35.900
-0.227 0.250 3.370 0.000 -3.000 34.076
-0.443 0.461 3.370 0.000 -3.000 35.900
0.000 -0.200 3.370 0.000 0.152 35.900
0.000 -0.200 3.370 0.000 -3.000 35.900
0.000 -0.200 3.370 -0.365 -3.000 35.900
0.000 -0.863 3.370 0.000 -8.575 35.900
0.000 -0.200 3.461 0.000 -3.000 35.900
-0.595 -0.200 3.370 0.000 -5.406 35.900
0.583 -0.200 3.370 -2.076 -3.000 32.489
-0.402 -0.200 3.370 0.000 3.145 35.900
0.000 -0.200 3.370 0.000 -3.000 35.900
0.000 -0.200 3.370 0.000 -10.280 35.900
0.000 -0.200 3.370 0.000 -3.000 35.900
0.314 -0.200 3.370 0.000 -4.468 36.101
0.000 -0.200 3.370 4.268 -3.000 41.325
0.000 -0.200 3.370 0.000 -3.000 35.900
0.661 -0.200 3.584 0.000 -14.580 35.900
0.000 0.094 3.370 0.000 -3.000 35.900
-0.333 -0.200 3.370 0.000 -9.193 34.813
0.000 -0.200 3.370 0.000 -3.000 35.900
0.000 -0.200 3.370 0.000 -3.000 35.900
0.000 -0.200 3.370 0.000 -3.000 35.900
0.305 -0.200 3.370 0.000 -3.000 35.900
-0.501 -0.681 3.370 2.327 -3.000 35.900
0.000 -0.200 3.370 -4.788 5.296 29.016
-0.792 0.469 3.370 3.517 -1.793 37.293
0.000 -0.200 3.370 0.000 -3.000 35.900
0.000 -0.200 3.370 0.000 -10.963 35.900
0.000 -0.266 3.370 -2.639 -3.000 35.900
0.000 0.177 3.370 0.000 -3.362 35.900
0.000 -0.274 3.720 -3.946 -3.000 35.900
0.000 -0.200 3.370 0.000 -3.000 35.900
-0.776 0.462 3.370 0.000 -4.840 30.770
0.000 -0.200 3.370 0.000 -3.000 35.900
0.000 -0.200 3.370 0.000 -3.000 35.900
0.000 0.079 3.370 0.000 -3.000 35.900
0.186 -0.200 3.370 0.000 -3.000 35.900
0.198 -0.200 3.107 0.000 -6.865 34.969
-0.484 -0.200 3.370 0.000 -6.895 35.900
0.020 -0.200 3.370 0.000 -3.000 35.900
0.000 -0.694 2.842 0.000 -3.000 35.900
-1.034 -0.200 3.370 4.355 -3.000 40.295
-0.214 -0.200 3.821 0.000 -3.000 34.042
0.000 -0.200 3.381 -1.809 -3.000 33.276
0.000 -0.200 3.370 0.000 -3.000 31.992
0.023 -0.200 3.370 0.000 -3.000 35.900
0.000 -0.200 3.370 4.744 -3.000 42.249
0.000 0.172 3.275 0.000 -3.000 35.900
-0.106 -0.200 3.265 0.000 -3.000 35.900
-0.494 -0.200 3.370 0.000 -3.000 31.030
0.000 -0.200 3.370 0.000 4.440 35.900
0.000 -0.200 3.370 0.000 -3.000 35.900
0.000 -0.200 3.370 0.000 -3.000 35.900
0.000 0.439 3.370 0.000 -3.000 31.735
0.000 0.117 3.370 0.000 -3.000 34.881
0.000 -0.200 3.258 0.000 0.088 35.900
0.000 -0.200 3.370 0.000 -3.000 35.900
-0.294 -0.200 3.370 1.333 1.719 35.900
0.000 -0.200 3.398 0.000 -7.444 35.900
0.603 -0.200 3.370 0.000 -6.852 35.900
0.000 -0.200 3.634 0.003 0.544 35.900
0.000 -0.200 3.370 0.000 -3.000 35.900
0.000 -0.200 3.370 0.000 -3.000 35.900
0.000 -0.200 3.370 0.000 -3.000 36.564
0.000 -0.200 3.370 0.000 -3.000 35.900
0.000 -0.200 3.370 -0.599 0.352 37.495
0.000 -0.135 3.370 0.000 -3.000 35.900
0.000 -0.051 3.370 1.051 -3.000 35.900
0.405 0.270 3.370 -2.506 -3.000 35.900
0.000 -0.200 3.370 0.000 -3.000 35.900
0.000 -0.200 3.370 0.000 -3.000 35.900
0.000 -0.200 3.370 0.000 -3.000 35.900
-0.324 -0.200 3.137 0.000 -3.000 35.900
-0.749 -0.200 3.370 0.000 -3.000 35.900
0.000 -0.200 3.370 0.000 -3.000 35.900
0.000 -0.200 3.370 0.000 -3.000 35.900
0.000 -0.145 3.370 -0.148 -6.326 35.900
0.000 -0.200 3.370 0.000 -3.000 40.778
0.000 -0.200 3.370 0.000 -3.000 35.900
0.000 -0.200 3.370 0.000 -3.000 35.900
0.294 0.272 3.370 0.000 -2.471 35.900
0.000 -0.200 3.370 0.000 -3.000 35.900
0.000 -0.200 3.703 -4.839 -3.000 35.900
0.000 -0.200 3.370 0.000 -3.000 35.900
0.000 -0.200 3.035 0.623 -3.000 36.377
0.528 -0.200 3.657 0.507 -3.000 35.900
-0.187 -0.018 3.370 -3.835 -3.000 35.900
0.531 -0.821 3.370 -0.809 2.746 35.900
0.000 -0.200 3.602 0.000 -3.000 35.900
0.000 -0.200 3.370 0.000 -3.000 35.900
-0.217 -0.200 2.977 0.000 -3.000 39.719
-0.783 -0.200 3.215 3.505 -3.000 33.051
0.000 -0.200 3.370 0.000 -3.000 35.900
0.000 -0.200 3.370 0.000 -3.000 35.900
0.000 -0.527 3.370 2.509 -3.000 35.900
-0.223 -0.200 3.122 -4.871 1.986 35.900
0.000 -0.200 3.370 0.000 -3.000 35.900
-0.263 0.452 3.370 0.000 -3.000 35.900
0.000 -0.200 3.370 1.914 -3.000 35.900
0.000 -0.200 3.370 0.000 -3.000 35.900
0.007 -0.200 3.370 0.000 -5.511 39.866
0.000 -0.918 3.566 0.000 -3.000 35.900
-0.001 -0.200 3.370 -1.008 -5.107 35.900
0.000 -0.200 3.370 0.000 -9.572 40.516
-0.389 0.206 3.370 0.000 -12.344 35.900
0.000 -0.241 3.234 0.969 1.444 36.185
0.000 -0.200 3.370 0.000 -3.000 35.900
0.000 -0.200 3.370 0.000 -3.000 35.900
0.000 -0.740 3.123 0.000 -3.000 29.764
0.000 -0.200 3.370 0.000 -3.000 35.900
0.000 -0.057 3.370 0.000 -3.737 35.900
-0.007 -0.200 3.370 0.000 -1.561 31.292
0.000 -1.004 3.032 0.000 -7.081 37.981
0.000 -0.200 3.370 0.000 -3.000 35.900
0.000 -0.200 3.370 0.000 -3.000 38.054
0.000 -0.200 3.370 0.000 -3.000 35.900
0.000 -0.200 3.579 0.000 -5.172 39.690
0.000 -0.200 3.370 0.000 -3.000 35.900
0.000 -0.200 3.370 0.000 -3.000 35.900
0.000 -0.089 3.370 0.000 -3.000 35.900
0.000 -0.200 3.370 0.000 -3.000 35.900
-0.773 -0.200 3.370 2.137 -6.988 32.140
0.000 -0.200 3.542 0.000 -3.000 35.900
0.000 -0.200 3.370 3.478 -6.045 35.900
1.298 -0.718 3.370 0.856 -2.176 35.900
-0.141 -0.200 3.370 3.038 -3.000 32.099
-1.018 -0.200 3.351 -0.192 -3.000 35.900
-0.695 0.079 3.302 5.224 -3.000 35.900
0.000 -0.200 3.370 0.000 -3.000 35.900
0.000 -0.200 3.370 0.000 -3.000 35.900
0.000 0.173 3.370 0.000 -3.000 39.953
0.000 -0.200 3.370 0.000 -3.000 35.900
0.534 -0.597 3.370 0.000 -3.000 35.900
0.162 -0.200 3.370 0.000 -4.634 33.674
-0.055 -0.200 3.168 -0.470 -3.000 36.398
0.000 -0.200 3.370 0.000 -3.000 35.900
-1.305 -0.200 3.334 0.000 -3.000 29.807
0.000 -0.432 3.370 0.000 -3.000 35.900
0.000 -0.200 3.370 0.000 -3.000 35.900
0.000 -0.200 3.085 0.000 1.647 42.337
0.000 -0.200 3.456 0.000 -3.000 35.900
-0.102 0.236 3.370 -3.131 -3.375 35.900
-0.174 -0.200 3.531 0.000 -3.000 33.246
0.000 -0.200 3.370 0.000 -3.000 35.900
-0.025 -0.200 3.370 -5.867 -1.961 35.900
0.000 -0.535 3.370 -9.150 2.517 35.900
0.000 -0.200 3.370 0.000 -3.000 35.900
0.000 -0.200 3.370 0.000 -3.000 35.900
-0.288 0.124 3.370 2.812 -8.047 34.648
0.000 -0.200 3.299 0.000 -3.000 35.900
0.000 -0.200 3.370 0.000 -3.000 35.900
0.000 -0.200 3.370 0.000 -3.000 35.900
0.000 -0.829 3.044 0.000 -6.051 35.900
0.000 -0.200 3.370 0.000 3.942 34.019
-0.451 -0.709 3.370 1.042 -3.000 34.721
0.000 -0.200 3.370 0.000 -3.000 35.900
-0.547 -0.196 3.370 0.000 -9.247 35.900
0.000 -0.200 3.498 -0.172 -7.732 35.900
0.000 -0.200 3.370 0.000 -3.000 35.900
0.000 -0.200 3.370 0.000 -3.000 35.900
0.000 -0.200 3.370 -1.079 -3.000 34.200
0.000 -0.200 3.370 -3.189 -3.000 35.900
0.504 -0.200 3.330 0.000 -3.000 35.900
0.000 -0.200 3.370 0.000 -3.000 35.900
0.000 -0.200 3.370 0.000 -3.000 35.900
0.000 -0.200 3.370 0.000 -3.000 35.900
0.000 -0.200 3.370 0.000 -3.000 35.900
0.000 -0.200 3.014 0.000 -3.000 31.023
0.991 -0.190 3.398 0.000 -6.336 40.922
0.000 -0.200 3.370 0.000 -3.000 35.900
-0.092 -0.037 3.370 0.000 -3.000 35.900
0.000 -0.200 3.370 0.000 -3.000 35.900
0.357 -0.200 3.046 -3.168 2.683 32.811
0.000 -0.200 3.487 0.000 -3.000 35.900
0.000 -0.200 3.370 3.959 -3.000 35.900
0.000 -0.200 3.370 0.000 -3.000 35.900
0.000 -0.200 3.449 0.000 -0.842 35.900
0.518 -0.200 3.370 2.360 3.252 30.369
0.000 -0.200 3.370 0.000 -3.000 35.900
0.000 -0.200 3.477 5.857 5.077 38.779
0.000 -0.200 3.624 0.000 -3.000 35.900
0.155 -0.200 3.708 0.000 -0.574 35.900
-1.501 -0.200 3.045 5.686 -8.266 36.370
0.541 0.148 3.370 0.000 -2.714 35.900
0.000 -0.200 3.370 0.000 -1.850 35.900
0.000 -0.200 3.370 0.000 -3.000 35.900
0.000 -0.200 3.370 0.000 -3.000 35.900
0.000 -0.248 3.370 0.000 -3.000 35.900
0.529 -0.200 3.370 0.000 -3.000 32.907
0.000 -0.200 3.370 0.000 -0.046 35.900
-0.192 -0.200 3.477 0.000 -3.000 35.900
-0.232 -0.037 3.492 -1.100 -0.684 39.325
0.000 -0.200 3.370 0.000 -3.000 35.900
0.000 -0.200 3.311 -4.251 -3.000 42.865
0.000 -0.200 3.370 0.000 -3.000 35.900
-0.446 0.002 3.370 1.263 -6.500 35.900
0.000 -0.432 3.370 0.000 -2.171 35.900
0.000 -0.381 3.292 0.000 -3.000 31.128
0.000 -0.200 3.370 0.000 -3.000 35.900
0.356 -0.157 3.270 -2.033 -3.083 37.114
0.000 -0.200 3.370 0.000 -3.000 35.900
-0.445 -0.200 3.370 0.000 -8.626 35.900
0.000 -0.200 3.370 0.000 -3.000 35.900
0.000 -0.200 3.588 0.000 4.648 27.093
0.000 -0.200 3.569 0.000 -3.000 35.900
0.000 -0.337 3.370 0.000 -3.000 33.582
0.000 -0.456 3.002 0.000 -3.000 35.900
0.000 -0.200 3.370 0.000 -3.000 35.900
0.772 -0.694 3.595 0.000 -3.000 35.900
0.000 -0.200 3.545 0.000 -3.000 33.792
0.000 -0.200 3.370 0.000 -3.000 35.900
0.000 -0.200 3.370 0.000 -3.000 35.900
0.000 -0.200 3.370 0.000 -3.000 35.900
0.000 -0.200 3.370 0.000 -3.000 35.900
-1.203 -0.530 3.370 0.818 -3.000 35.900
0.000 -0.200 3.370 0.000 -3.000 35.900
-1.541 0.125 3.370 0.000 -9.194 37.744
-0.096 -0.200 3.527 3.216 0.008 29.429
0.000 -0.200 3.370 0.000 -3.000 35.900
0.291 -0.248 3.370 2.620 -3.000 35.900
-0.192 -0.200 3.171 2.151 0.790 32.380
0.000 -0.689 3.370 0.000 -4.462 43.558
-0.437 -0.200 3.486 0.000 -3.000 35.900
0.000 -0.200 3.370 0.000 -3.000 35.900
0.000 -0.683 3.370 0.317 -3.000 42.142
0.000 0.058 3.370 0.000 -1.810 35.900
-0.146 -0.125 3.370 0.000 -3.000 39.574
0.000 -0.200 3.370 0.000 -3.000 35.900
0.850 -0.200 3.370 -1.481 -3.000 41.188
0.000 -0.200 3.370 0.000 -3.000 35.900
0.000 -0.200 3.370 0.000 -3.000 35.900
0.000 -0.872 3.370 0.000 -3.000 35.900
0.000 -0.657 3.370 4.958 -3.000 41.170
0.942 -0.388 3.370 -8.167 -5.027 35.900
0.000 -0.200 3.370 0.000 -3.000 35.900
0.340 -0.083 3.698 -4.051 4.489 35.900
0.000 -0.692 3.516 0.000 -0.336 35.900
0.000 -0.200 3.370 0.000 -3.000 35.900
0.000 -0.200 3.370 0.000 -3.000 35.900
-0.115 -0.200 3.370 -2.827 -3.000 41.940
0.000 -0.200 3.370 0.000 -3.000 35.900
0.000 -0.200 3.370 0.000 -3.000 35.900
0.000 -0.200 3.616 3.081 -3.000 35.900
0.000 -0.858 3.370 -3.338 -3.000 35.900
0.000 -0.550 3.370 0.000 -3.000 35.900
0.031 -0.200 3.383 0.000 -4.133 35.900
0.000 -0.200 3.370 0.000 -3.000 35.900
0.000 -0.200 3.370 0.000 -3.000 35.900
0.000 -0.200 3.370 0.000 -3.000 35.900
0.000 -0.200 3.370 0.000 -3.000 35.900
0.237 -0.200 3.370 0.000 0.179 35.900
-0.321 -0.200 3.522 3.379 -3.000 35.900
0.000 -0.200 3.272 5.033 -3.000 35.900
0.000 0.488 3.370 2.525 -3.000 35.900
0.000 -0.200 3.370 0.000 -3.000 35.900
0.000 -0.200 3.370 0.000 -8.107 38.721
0.000 -0.200 3.370 0.000 -3.000 35.900
-0.755 -0.682 3.605 0.000 -3.000 36.453
0.000 -0.200 3.370 0.000 -3.000 35.900
-0.067 -0.200 3.370 0.000 -3.000 41.767
0.287 -0.862 3.370 0.000 2.482 40.735
0.000 -0.200 3.190 0.000 -3.000 33.829
-0.565 -0.200 3.370 1.483 -3.000 39.235
0.000 -1.062 3.370 0.000 -3.000 35.900
0.000 -0.200 3.370 0.000 -2.719 35.900
0.000 -0.200 3.370 0.000 -3.000 35.900
0.000 -0.200 3.370 0.000 -3.000 35.900
0.898 -0.209 3.370 0.000 -3.000 35.900
0.000 -0.200 3.370 0.000 -3.000 35.900
0.000 0.109 3.370 0.720 -3.000 32.840
0.000 -0.200 3.370 0.000 -3.000 35.900
-0.140 0.061 3.563 2.997 2.147 35.900
0.000 -0.200 3.370 3.166 -3.000 35.900
0.000 -0.477 3.370 0.000 0.716 35.900
0.000 -0.200 3.370 0.000 -3.000 35.900
0.000 -0.200 3.370 0.000 -0.642 35.900
0.000 0.059 3.552 0.000 -3.000 31.166
0.000 -0.200 3.370 0.000 -3.000 35.900
-0.176 -0.230 3.370 2.623 -3.000 35.900
-0.035 -0.313 3.370 0.000 -3.368 35.900
0.000 -0.200 3.370 0.000 -3.000 35.900
0.000 -0.200 2.996 0.000 3.078 35.900
0.000 -0.200 3.114 -1.087 -3.000 32.099
0.000 -0.200 3.370 4.764 -3.000 35.900
0.000 -0.753 3.370 0.000 -3.808 34.141
0.765 -0.200 3.370 2.056 4.021 40.939
0.000 -0.200 3.370 0.000 -3.000 35.900
-0.751 -0.200 3.370 0.000 -3.000 35.900
0.000 0.722 3.370 -3.689 -3.000 30.328
0.845 -0.200 3.370 3.946 -3.000 35.900
0.000 -0.200 3.434 0.000 -0.556 35.900
-0.452 -0.200 3.865 -3.870 -8.242 43.763
0.000 -0.200 3.370 0.000 -3.000 35.900
0.000 -0.200 3.370 0.000 -3.000 35.900
0.000 -0.200 3.370 0.000 -3.000 35.900
0.000 -0.089 3.311 0.000 1.990 35.900
0.000 -0.200 3.370 0.000 -3.000 35.900
-0.808 0.086 3.370 4.076 -3.000 35.900
0.000 -0.200 3.370 0.000 -3.000 35.900
0.000 -0.200 3.370 0.000 -3.000 35.900
0.000 -0.200 3.370 0.000 -10.024 41.178
0.000 -0.200 3.370 0.000 -6.149 35.900
-1.239 -0.705 3.370 4.828 -0.386 35.900
0.000 -0.200 3.370 0.000 -3.000 35.900
0.000 -0.200 3.370 0.000 -3.000 35.900
0.000 -0.495 3.612 -4.200 -3.000 35.900
0.000 -0.200 3.623 0.000 -3.000 35.900
0.000 -0.200 3.370 0.000 -3.000 35.900
0.000 -0.466 3.480 0.000 -3.000 35.900
0.000 -0.488 3.370 0.000 -3.000 32.302
0.000 -0.236 3.370 0.000 -0.345 34.574
0.000 -0.200 3.370 2.306 -3.000 35.900
0.000 -0.200 3.370 0.000 -3.000 35.900
0.000 -0.200 3.370 0.000 -3.000 35.900
0.000 -0.276 3.192 -0.182 -3.000 35.900
0.000 -0.200 3.370 0.000 -3.000 35.900
-1.041 -0.304 3.129 -0.706 -3.000 30.504
0.000 -0.200 3.370 0.000 -3.000 35.900
0.000 -0.200 3.622 0.000 -3.000 35.900
0.000 -0.200 3.370 0.000 -3.000 35.900
0.000 -0.200 3.345 -5.919 -10.005 30.266
0.000 -0.200 3.370 0.000 -3.000 35.900
0.000 -0.200 3.370 0.000 -3.000 35.900
0.000 -0.200 3.036 0.000 -3.000 35.900
0.000 -0.200 3.663 0.000 -3.000 35.706
0.000 -0.200 3.370 0.000 -3.000 36.932
0.000 -0.200 3.370 0.000 -3.000 35.900
0.160 -0.200 3.370 0.000 -7.511 37.039
-0.271 -0.200 3.370 0.000 -3.000 37.934
0.000 -0.200 3.217 0.000 -3.000 35.900
0.000 -0.200 3.370 0.000 -3.000 35.900
0.000 -0.242 3.104 0.000 -5.934 35.274
0.000 -0.200 3.370 0.000 -3.000 35.900
-0.802 -0.200 3.370 0.000 -3.000 35.900
0.000 -0.522 3.370 0.000 -5.917 35.900
0.000 -0.200 3.370 0.000 -3.000 35.900
-0.327 -0.070 3.030 0.000 -3.000 35.900
0.828 -0.200 3.370 0.000 -3.000 40.805
0.002 -0.200 3.370 3.122 -3.000 35.900
0.000 -0.227 3.370 4.106 -3.000 34.228
0.000 -0.200 3.370 0.000 -3.000 35.900
-0.489 0.263 3.370 -1.651 -3.000 35.900
0.000 -0.200 3.370 0.000 -3.000 35.900
0.000 -0.200 3.370 0.000 -3.000 35.900
0.000 -0.200 3.491 0.000 1.522 31.014
0.000 -0.200 3.370 1.379 -3.000 32.552
0.602 -0.200 3.370 0.000 -2.347 35.900
0.000 -0.442 3.741 0.589 -3.000 40.835
0.000 -0.431 3.370 0.981 -3.000 36.378
0.610 -0.200 3.285 3.345 3.617 34.656
0.000 0.460 2.995 0.000 -11.316 35.900
0.000 -0.200 3.370 0.000 -3.000 36.332
0.000 -0.200 3.370 -1.398 -4.407 35.900
0.000 -0.200 3.370 0.000 -3.000 35.900
0.000 -0.200 3.370 0.000 -3.000 35.900
0.000 -0.200 3.370 0.000 -3.000 35.900
0.000 -0.200 3.370 0.000 -3.000 35.900
0.000 -0.200 3.370 0.000 -3.000 35.900
0.000 -0.200 3.370 0.000 -3.000 35.172
0.000 -0.200 3.370 0.000 -3.000 35.900
0.000 -0.097 3.370 -3.464 -3.000 35.900
-0.912 -0.475 3.566 -1.654 -3.000 36.616
0.000 0.369 3.370 0.000 -3.000 36.412
0.000 -0.478 3.526 0.000 2.407 35.900
0.525 -0.200 3.370 0.000 -3.000 37.176
0.000 -0.200 3.370 0.000 -1.395 33.973
0.000 -0.200 3.370 0.000 -3.000 35.900
0.000 -0.200 3.611 0.000 -3.000 33.620
0.000 -0.200 3.370 0.000 -3.000 35.900
0.000 -0.200 3.370 0.000 -3.000 35.900
0.368 -0.200 3.370 0.000 1.214 35.900
0.026 -0.788 3.370 -3.010 -0.658 35.900
0.000 -0.200 3.280 3.223 -3.000 36.828
0.000 -0.200 3.797 -0.959 -3.000 35.900
-0.471 -0.200 2.953 0.000 -3.000 33.309
0.000 0.298 3.527 0.000 -3.128 35.900
0.000 -0.200 3.370 0.000 -3.000 35.900
0.000 -0.200 3.370 0.000 -3.000 35.900
0.697 -0.200 3.370 4.502 -3.789 35.900
0.000 -0.545 3.370 -2.186 -8.105 33.350
0.000 -0.200 3.370 0.000 -3.000 35.900
0.000 -0.408 3.370 0.000 -3.000 35.900
0.000 -0.200 3.370 0.000 -3.000 35.900
0.000 -0.200 3.370 0.000 -3.000 35.900
0.000 -0.200 3.370 0.000 -3.000 35.900
1.538 -0.200 3.370 -2.515 -8.679 45.475
-1.358 -0.200 3.370 0.000 2.081 30.618
0.237 0.285 3.370 0.000 -10.089 35.900
0.000 -0.200 3.370 0.000 -3.000 35.900
0.000 0.126 3.727 0.000 1.005 35.900
0.000 -0.200 3.370 7.917 -3.000 35.900
0.000 -0.668 3.474 -1.899 -3.000 35.900
0.000 0.013 3.511 0.000 -3.000 35.900
0.000 -0.903 3.370 -4.091 -3.000 33.802
0.000 -0.293 3.370 4.358 -3.000 35.900
-0.494 -0.156 3.370 3.310 1.521 35.900
-1.450 -0.200 3.330 0.000 -3.000 35.900
0.000 -0.200 3.273 0.000 -3.578 35.900
0.000 -0.200 3.370 0.000 -3.000 35.900
0.000 -0.200 3.169 0.000 -3.000 35.900
0.000 -0.200 3.370 0.000 -3.000 35.900
0.000 -0.200 3.370 0.000 -3.000 35.900
0.000 -0.200 3.370 0.000 -3.000 35.900
0.000 0.467 3.370 0.000 1.785 35.900
0.000 -0.200 3.370 0.000 -3.000 35.900
-0.478 -0.528 3.398 -1.865 -3.000 35.900
-1.142 0.517 3.370 0.000 -2.533 38.976
0.000 -0.200 3.370 0.682 -3.000 35.900
-0.765 -0.200 3.370 0.000 4.298 35.594
0.000 -0.200 3.370 5.028 -3.000 34.511
0.000 -0.200 3.370 0.000 -3.000 32.091
0.000 -0.200 3.370 0.000 -3.000 35.900
0.000 -0.200 3.370 0.000 -3.000 35.900
0.000 -0.200 3.370 1.352 -3.000 35.900
0.000 -0.200 3.370 0.000 -3.000 35.900
0.000 -0.200 3.370 0.000 -3.000 35.900
-0.488 0.163 3.460 0.000 -5.076 35.900
0.000 -0.200 3.507 0.000 -3.000 35.900
0.000 -0.200 3.370 0.000 -3.000 35.900
0.000 -0.200 3.370 0.000 3.431 35.900
0.000 -0.200 3.370 0.000 -3.000 35.900
0.000 -0.200 3.596 0.000 -4.223 35.900
0.000 -0.200 3.039 0.000 -3.000 35.900
0.000 -0.200 3.370 0.000 -3.000 35.900
0.000 -0.200 3.370 0.000 -3.000 35.900
0.000 -0.200 3.370 0.000 -3.000 35.900
0.000 0.039 3.357 0.000 -3.000 35.900
0.000 -0.200 3.370 0.000 -3.000 35.900
-1.134 -0.200 3.192 0.000 0.840 35.900
0.000 -0.200 3.370 0.000 -3.000 35.900
-0.053 -0.200 3.370 0.000 -3.000 32.085
0.000 -0.200 3.202 0.000 -3.000 29.884
-0.527 -0.200 3.370 0.000 -3.000 35.900
0.705 -0.513 3.370 0.000 -6.526 36.866
0.000 -0.200 3.370 0.000 -3.000 35.900
0.000 -0.200 3.370 0.000 -3.000 34.828
0.000 -0.200 3.370 0.000 -3.000 35.900
0.000 -0.200 3.370 0.000 -3.167 35.900
0.000 -0.200 3.370 0.000 -3.000 35.900
0.000 -0.728 3.370 0.000 -3.000 35.900
0.084 -0.011 3.637 0.000 -3.000 34.107
0.000 -0.200 3.370 0.000 -3.000 35.900
0.554 -0.200 3.038 0.000 -3.000 35.900
0.000 -0.200 3.370 0.000 -3.000 35.900
0.000 -0.200 3.370 0.000 -3.000 35.900
0.000 0.093 3.370 0.000 -4.224 34.366
0.000 -0.200 3.370 0.000 -3.000 35.900
0.000 -0.200 3.370 0.000 -3.000 35.900
0.000 -0.113 3.370 3.103 -3.000 35.900
0.000 0.000 3.370 0.000 -3.000 35.900
0.000 -0.200 3.370 0.000 -3.000 35.900
0.000 -0.200 3.591 0.000 -1.672 35.900
0.000 -0.200 3.088 0.000 -3.000 37.198
0.000 -0.200 3.370 0.000 -3.000 35.900
0.000 -0.200 3.370 0.000 -4.536 35.900
-0.482 -0.618 3.370 0.000 -3.000 39.375
0.000 -0.452 3.323 0.000 -6.071 36.134
0.000 -0.200 3.370 -4.059 -3.000 35.900
-0.662 -0.200 3.370 0.000 -3.000 35.900
0.000 -0.200 3.370 0.000 -3.000 35.900
0.000 -0.200 3.370 0.000 -3.000 35.900
0.000 -0.200 3.370 0.000 1.674 35.900
0.875 -0.200 3.223 4.052 -3.000 35.900
0.000 -0.200 3.683 -5.358 -1.575 32.997
0.000 -0.200 3.370 0.000 -3.000 35.900
0.000 -0.200 3.370 0.000 -4.423 36.413
0.000 -0.200 3.370 0.000 -2.023 35.900
0.000 -0.998 3.370 0.000 -3.000 29.696
-0.813 -0.200 3.370 4.806 -3.000 35.900
1.775 -0.545 3.370 -0.770 -3.075 37.291
0.000 -0.200 3.370 0.000 -3.000 35.900
0.000 -0.200 3.089 0.000 -3.000 35.900
0.000 -0.200 3.370 0.000 -3.000 35.900
0.000 -0.200 3.298 0.000 -3.000 35.900
0.000 -0.200 3.370 3.831 -6.442 35.900
0.000 -0.200 3.370 0.000 -3.000 35.900
0.000 -0.200 3.370 0.000 -3.000 35.900
0.000 -0.302 3.731 0.434 -3.000 35.900
0.185 -0.005 3.370 0.000 -3.000 35.900
0.000 -0.200 3.370 2.739 4.235 35.900
0.213 -0.200 3.347 0.000 -3.000 35.900
0.000 -0.200 3.563 0.000 -0.080 35.900
0.000 -0.200 3.370 0.000 -3.000 35.900
-0.507 0.351 3.642 -1.765 -3.995 31.850
-0.747 -0.200 3.395 0.000 -3.000 35.900
0.443 -0.200 2.908 0.000 -3.000 35.900
0.000 -0.200 2.931 0.000 -3.000 31.668
-0.037 -0.200 3.060 0.000 -3.000 35.900
0.000 0.143 3.337 0.000 -4.493 32.203
0.776 0.276 3.370 0.000 -5.449 39.987
0.000 -0.200 3.370 1.864 -3.000 40.548
0.000 -0.200 3.370 0.000 -3.000 35.900
0.000 -0.200 3.322 4.416 -3.000 35.900
0.000 -0.181 3.370 0.000 1.181 35.900
0.000 -0.274 3.370 0.000 2.218 28.078
0.000 -0.200 3.370 0.000 -3.000 35.900
0.141 -0.200 3.370 4.822 -8.275 35.900
-0.793 -0.200 3.370 0.000 0.670 36.745
0.000 -0.200 3.187 0.000 -3.000 35.900
0.362 -0.200 3.513 0.000 -11.291 35.900
-0.123 0.725 3.370 3.922 -10.745 35.900
0.000 -0.200 3.370 0.000 -3.000 35.900
0.000 -0.409 3.370 0.000 -8.149 33.617
0.000 -0.200 3.370 0.000 -3.000 35.900
0.000 -0.200 3.370 0.000 -3.000 35.900
-0.292 -0.200 3.109 1.716 -3.000 32.210
0.000 -0.200 3.370 0.000 -3.000 35.900
0.000 -0.200 3.243 -1.591 -3.000 35.900
0.000 -0.033 3.370 -3.137 -3.000 35.900
0.000 -0.200 3.370 0.000 -3.000 34.258
0.000 -0.200 3.370 0.000 -3.000 35.900
0.000 -0.200 3.370 0.000 -3.000 35.900
0.000 -0.200 3.370 0.000 -3.000 42.040
0.240 -0.200 3.754 0.000 -3.000 37.586
0.000 -0.200 3.279 0.000 -3.000 35.900
0.000 -0.200 3.370 0.000 -3.000 35.900
-0.168 0.269 3.036 -8.867 -3.000 35.900
0.000 -0.200 3.370 0.000 -3.000 35.900
0.000 -0.200 2.818 -2.799 -3.000 35.900
0.000 -0.200 3.370 0.000 -3.000 35.900
0.000 -0.200 3.370 2.645 -3.000 35.900
-0.724 -0.200 3.370 0.000 -3.000 35.900
0.000 -0.200 3.370 -4.389 -3.000 35.900
0.000 -0.200 3.370 0.000 -3.000 35.900
-0.088 -0.200 3.370 0.000 -2.474 35.900
0.000 -0.376 3.370 0.000 -3.000 40.896
0.000 -0.571 3.370 0.000 -4.480 39.794
0.507 -0.200 3.370 -1.823 -3.000 35.900
-0.649 -0.200 3.714 0.000 -3.000 38.499
0.000 -0.133 3.370 0.000 -3.000 35.900
-0.224 -0.200 3.329 0.000 -3.000 38.024
0.000 -0.200 3.382 0.000 -2.329 35.900
0.000 -0.200 3.392 0.000 -6.020 35.900
0.000 -0.200 3.370 -2.490 -3.000 35.900
1.025 -0.200 3.370 0.000 -3.000 35.900
0.000 -0.200 3.370 0.000 -8.723 35.900
0.000 -0.200 3.370 0.000 -3.000 35.900
0.000 -0.777 3.371 3.098 -3.000 35.974
-0.868 -0.200 3.370 0.000 -3.000 33.574
0.000 -0.200 3.370 0.000 -3.000 35.900
0.000 -0.200 3.370 0.000 -3.000 35.900
0.000 -0.200 3.370 0.000 -3.000 35.900
0.000 -0.200 3.370 0.000 -3.000 37.024
0.000 -0.200 3.370 0.000 -3.000 35.900
0.000 -0.036 3.370 0.000 -8.326 40.462
0.000 -0.200 3.370 0.000 -3.000 35.900
0.000 -0.200 3.370 0.000 -3.000 31.002
0.000 -0.200 3.370 0.000 0.995 35.900
-1.272 -0.200 3.370 0.000 -3.000 38.288
-1.277 -0.200 3.286 -1.199 -5.337 35.900
0.000 -0.200 3.385 0.000 -3.000 35.900
0.000 0.209 3.370 0.000 -3.000 35.900
0.000 -0.200 3.370 0.000 -3.000 35.900
0.316 -0.200 3.087 -3.826 -3.000 35.900
0.482 -0.200 3.370 0.000 -3.000 39.078
0.323 -1.274 3.370 -3.210 1.612 28.983
0.000 -0.200 3.370 0.000 -3.000 35.900
0.335 -0.200 3.370 2.608 -3.000 30.143
0.000 -0.200 3.370 0.000 -3.000 35.900
0.000 -0.237 3.141 0.000 1.991 35.900
0.000 -0.200 3.370 0.000 -3.000 35.900
0.000 -0.200 3.370 0.000 -1.928 35.900
0.000 -0.200 3.370 0.000 -3.000 35.900
0.000 -0.200 3.370 -4.688 -9.093 35.900
0.000 -0.200 3.370 0.000 -3.000 35.900
0.000 -0.200 3.370 0.000 -3.000 35.900
0.000 -0.524 3.714 -4.483 -6.180 31.531
0.000 -0.200 3.390 -3.838 -3.000 35.900
0.355 -0.200 3.370 0.000 -3.000 32.509
-0.047 -0.282 3.370 -3.219 -3.000 39.321
0.000 -0.200 3.370 0.000 -3.000 35.900
0.000 -0.191 3.595 -4.103 -3.000 35.900
0.000 -0.455 3.370 0.000 -3.000 35.009
0.000 -0.200 3.017 0.000 -3.000 35.900
0.000 -0.518 3.370 0.000 -3.000 35.900
0.000 0.385 3.370 0.000 -3.000 35.900
0.000 -0.200 3.370 0.000 -3.000 35.900
0.614 -0.200 3.370 -2.501 -3.000 35.900
0.000 -1.186 3.510 1.645 -3.000 35.900
0.000 -0.200 3.370 0.000 -3.000 35.900
0.882 0.283 3.401 0.000 -6.827 35.900
0.000 -0.662 3.370 5.684 -3.000 35.900
0.000 -0.146 3.370 0.463 -3.000 33.764
0.000 -0.200 3.370 0.000 -3.000 35.900
1.069 -0.200 3.622 0.000 -1.568 35.900
0.000 -0.200 3.370 -0.551 -3.000 42.286
0.000 -0.200 3.370 0.000 -3.000 35.900
0.000 -0.200 3.370 0.000 -7.008 35.900
0.000 -0.200 3.370 0.000 -3.000 35.900
0.000 -0.200 3.370 -5.602 -5.656 39.878
0.185 -0.587 3.480 -5.578 9.082 35.900
0.000 -0.200 3.370 0.000 -3.000 35.900
0.000 -0.200 3.400 0.000 -2.990 35.900
0.000 -0.200 3.541 0.000 -9.479 35.900
0.000 -0.200 3.370 0.000 -3.000 35.900
0.000 -0.200 3.370 0.000 -3.000 35.900
0.000 -0.200 3.370 0.000 -3.000 35.900
0.000 -0.609 3.091 0.000 -3.000 35.900
-0.057 -0.282 3.370 0.000 -3.000 35.387
0.000 -0.128 3.370 0.000 -9.957 35.442
0.000 -0.497 3.573 0.000 -3.000 35.900
0.000 -0.200 3.370 0.000 -3.000 35.900
0.000 -0.200 3.370 0.000 -3.000 35.900
0.000 -0.855 3.370 0.000 -3.000 35.900
-0.168 -0.200 3.370 1.172 -3.000 35.900
0.000 -0.200 3.370 0.000 -3.000 35.900
0.000 -0.200 3.370 0.000 -3.000 35.900
-0.392 -0.200 3.370 4.941 -3.000 38.955
0.000 0.046 3.410 0.000 3.316 35.900
0.000 -0.200 3.370 0.000 -3.000 35.900
0.000 -0.200 3.370 0.000 -3.000 35.900
0.000 -0.200 3.370 -2.280 -7.552 35.900
0.000 -0.200 3.389 0.000 0.967 33.176
0.000 -0.200 3.370 0.000 -3.000 35.900
0.818 0.409 3.370 0.000 -3.000 35.900
0.000 -0.200 3.370 0.000 -3.000 34.137
0.000 -0.200 3.370 0.000 -3.000 35.900
0.310 -0.200 3.370 0.000 -4.040 35.900
0.000 -0.200 3.370 0.000 -3.000 35.900
0.000 -0.200 3.370 0.000 -3.000 35.900
0.669 -0.200 3.354 0.000 -3.000 35.900
0.109 -0.200 3.614 0.000 -3.000 35.900
0.000 -0.200 3.208 0.374 -3.000 35.900
0.000 -0.200 3.370 0.000 -3.000 35.900
0.000 -0.200 3.290 2.689 -1.880 38.905
0.000 -0.200 3.370 -4.900 -3.000 35.900
0.000 -0.200 3.370 0.000 -3.000 35.900
0.000 -0.200 3.370 0.000 -3.000 35.900
0.000 -0.200 3.370 0.000 -3.000 35.900
0.000 -0.200 3.003 0.000 -3.000 35.900
0.000 0.335 3.112 0.367 -6.069 35.900
-0.309 0.131 3.626 0.000 -6.156 42.055
0.000 -0.200 3.370 0.000 -3.000 35.900
0.000 0.336 2.989 0.000 -3.000 35.900
0.000 -0.200 3.370 0.000 -3.000 35.900
0.000 -0.402 3.370 0.000 0.201 35.900
0.000 -0.200 3.370 2.048 2.861 35.900
0.000 -0.200 3.370 0.000 -3.000 35.900
0.263 -0.200 3.637 0.000 -3.000 33.197
0.000 -0.200 3.682 -0.723 -3.000 36.887
0.476 0.282 3.370 0.000 0.855 35.900
0.000 -0.200 3.370 0.000 -3.000 35.900
0.000 -0.200 3.370 0.000 -3.000 35.900
0.000 -0.200 3.513 0.000 -3.000 34.915
0.000 -0.200 3.370 0.000 -3.000 35.900
0.000 -0.200 3.370 -1.798 -3.000 32.792
0.000 -0.200 3.370 0.000 -3.000 35.900
0.000 -0.200 3.370 -3.977 -3.000 35.900
-0.542 -0.200 3.370 2.511 -3.000 35.900
-0.339 -0.200 3.370 0.000 -3.000 35.900
-0.900 -0.200 3.370 0.000 -3.000 35.900
0.000 -0.200 3.370 0.000 -3.000 35.900
