-0.204 0.365 3.066 -3.990 -3.975 31.314
0.000 -0.200 3.370 0.000 -3.000 35.900
-0.523 -0.200 3.186 0.000 -3.000 34.694
-0.342 -0.200 3.269 3.534 -8.520 39.960
0.000 0.628 3.704 0.000 -3.000 36.331
-0.281 -0.200 2.933 -3.595 -3.187 35.900
0.000 0.231 3.935 0.000 -4.208 33.284
0.000 -0.161 3.370 0.000 -6.636 35.900
-0.476 0.044 3.514 -3.706 -3.000 36.747
0.000 -0.200 2.884 1.124 2.531 39.291
2.770 0.147 3.062 0.889 -2.911 35.813
-0.645 -0.637 3.294 0.060 -5.104 38.001
0.000 -0.168 3.581 3.043 0.414 35.900
0.696 -0.932 3.370 -3.276 -1.685 36.448
0.694 0.548 3.370 3.379 -0.463 40.204
0.000 -0.563 3.370 0.000 3.342 31.635
0.924 -1.444 3.318 0.000 -3.000 35.900
0.010 -0.212 3.500 3.051 -3.000 41.324
-0.602 -0.839 3.289 0.000 -3.000 30.327
0.720 -0.584 2.860 4.134 -7.519 35.900
-1.557 -0.037 3.161 -1.954 2.100 29.357
0.000 0.003 3.427 1.896 -3.000 35.900
0.100 -0.142 3.406 -3.433 6.524 36.561
-0.620 -0.200 3.370 4.463 -3.270 39.625
0.000 -0.200 2.973 0.000 -10.382 37.310
-0.633 -0.200 3.370 2.892 -3.000 35.900
1.311 -0.843 3.206 0.000 -5.800 31.596
0.000 -0.989 3.118 0.000 5.541 37.621
1.064 0.053 3.335 1.762 1.161 35.900
0.000 -0.200 3.370 3.663 -3.000 35.900
-0.842 0.071 3.572 0.000 -9.309 36.337
0.000 -0.213 3.385 0.566 -9.821 35.900
0.000 -0.200 3.370 0.000 -3.000 35.900
-0.174 0.030 3.370 0.000 2.460 33.092
0.317 0.279 3.157 -2.499 -8.606 41.452
0.000 -0.200 3.477 0.000 -3.000 35.900
0.000 -0.685 3.760 0.000 -10.416 32.940
-0.660 -0.350 3.615 5.254 1.402 35.900
-0.561 -0.104 3.370 0.000 -3.000 36.561
-0.754 0.494 2.978 2.549 3.010 40.205
0.590 -0.215 3.370 0.000 2.345 35.900
0.000 -0.422 3.268 0.000 2.562 35.900
0.798 -0.444 3.370 0.702 -3.000 34.253
0.000 -0.200 3.370 0.000 -3.000 35.900
0.261 -0.163 3.280 4.627 -9.908 37.134
-0.451 -0.200 2.999 6.976 -1.923 32.407
0.544 -1.092 3.969 2.361 -5.957 33.337
0.000 -0.200 3.370 -5.386 -3.000 35.900
0.616 0.575 3.241 1.251 8.725 33.071
1.063 -0.200 3.250 2.069 -3.000 35.900
-0.384 -0.200 3.434 0.000 -3.000 39.838
0.461 -0.200 3.019 -2.970 -6.189 28.645
-0.927 -0.435 3.280 3.475 -8.232 35.900
-0.313 0.103 3.470 1.338 -6.546 43.602
0.904 0.383 3.370 -2.375 -4.862 36.321
0.411 -0.200 3.711 5.051 -3.000 37.073
-0.025 -0.200 3.340 0.000 2.445 30.061
-0.188 -0.858 3.282 -3.019 12.457 29.481
0.234 -0.593 3.447 -2.389 8.928 35.900
-0.083 -0.215 3.370 -0.685 -5.830 31.362
0.267 -0.506 3.112 0.000 -8.533 30.487
-0.500 -0.494 3.738 -1.942 -3.000 39.237
0.000 0.231 3.908 6.375 -5.659 35.900
-0.654 -0.030 3.349 0.000 -3.000 35.900
-0.076 -0.006 3.370 0.000 -3.000 35.900
0.000 -0.306 3.386 0.000 -8.228 42.135
0.000 -0.200 3.370 4.619 -3.000 35.900
-0.840 -0.361 3.045 0.000 -7.251 30.805
-1.131 -0.200 3.370 0.000 -3.000 35.900
-0.437 0.114 3.387 4.140 -3.000 35.900
0.000 -0.800 3.422 0.791 -8.601 35.900
-0.403 -1.272 3.731 9.377 -0.475 35.900
0.420 -0.359 3.239 0.000 -3.000 35.900
1.741 -0.200 3.370 0.000 -3.000 38.988
-0.627 -0.768 2.661 -5.694 -5.297 38.400
0.000 -0.200 3.411 -3.589 -3.000 35.900
-1.365 -0.230 3.479 -6.768 -9.974 32.086
-0.136 -0.491 3.370 0.000 -3.000 35.900
-0.314 -0.028 3.370 5.972 -3.000 45.511
-0.032 -0.200 3.370 0.000 -3.000 34.240
0.649 -0.261 3.649 2.086 -3.000 36.820
-0.522 -0.200 3.153 -8.651 1.987 39.284
0.107 0.172 3.654 -4.084 4.053 33.871
0.709 -0.764 3.571 -3.558 3.530 35.427
0.000 -0.294 3.370 0.000 -0.677 32.937
-0.417 -0.489 3.692 0.000 -1.207 36.573
0.000 -0.200 3.333 0.000 2.879 35.900
0.534 -0.200 3.596 0.000 -4.543 38.791
0.030 -0.310 3.370 -1.149 -3.000 35.900
0.886 0.225 3.332 2.862 7.177 33.826
-1.064 -0.200 3.505 0.283 -3.000 37.649
0.000 0.139 3.369 2.245 -3.000 35.900
0.023 -0.193 4.258 -3.102 9.231 30.237
0.526 -1.542 3.583 0.742 -8.248 35.900
-0.645 -0.200 2.991 0.000 -9.864 33.986
-0.491 -0.551 3.370 3.790 3.746 35.801
0.710 0.159 3.076 11.819 -3.315 40.212
0.243 -1.566 3.370 -4.103 6.247 31.129
-0.685 -0.630 3.565 1.560 1.057 20.286
0.000 -0.453 3.370 0.000 2.117 43.218
-0.251 0.059 3.682 -0.095 -3.000 34.697
0.000 -0.200 3.691 8.107 0.169 35.058
-0.122 -0.690 3.394 3.756 -4.221 35.900
1.387 -0.200 3.101 0.646 -3.134 38.316
0.000 -1.271 3.370 3.573 -2.457 43.691
-0.129 0.310 3.370 -3.862 -8.127 41.977
0.818 -0.200 3.221 -3.822 -2.958 35.900
-0.012 -0.383 3.370 -5.860 -7.269 34.801
0.269 -0.200 3.370 0.000 -0.148 35.900
0.000 -0.200 3.370 0.000 -3.000 38.822
0.000 -0.666 3.370 -2.051 0.440 33.730
-0.760 0.354 3.370 0.000 -3.000 33.858
0.000 -0.902 3.220 0.000 -10.059 40.274
-0.950 -0.988 3.370 -1.961 -9.809 41.915
0.787 -0.200 3.549 -0.988 2.872 29.806
0.471 0.091 2.432 0.000 4.659 38.982
-0.276 -0.293 3.370 -2.296 -7.080 42.886
0.000 -0.444 3.239 0.000 -6.249 42.361
0.000 0.370 3.616 4.016 -3.198 36.069
-0.199 0.669 3.405 0.000 -0.964 34.739
1.023 -0.384 3.234 1.816 -1.114 35.011
-0.839 0.726 3.612 0.000 -3.000 35.900
-0.498 -0.525 3.440 3.508 -6.181 30.091
0.000 -0.200 3.370 0.000 -3.000 34.511
0.720 -0.532 3.370 0.000 -3.000 44.241
0.000 -0.200 3.370 -0.624 -6.181 34.751
0.000 -0.200 3.370 2.567 -3.000 33.812
-0.414 0.390 3.063 5.084 -3.000 35.222
0.198 0.276 3.316 0.725 -6.741 35.900
0.000 -0.200 3.411 4.672 -10.386 39.689
0.934 -0.435 3.769 0.000 3.831 29.286
0.000 -0.434 3.370 -1.921 4.392 31.457
-0.645 -0.593 3.654 0.137 -0.265 39.742
-0.338 0.966 3.072 3.252 -1.178 35.900
0.509 0.071 3.356 -3.066 -3.425 35.900
0.000 -0.200 3.370 0.000 -3.000 36.614
0.000 -0.200 3.370 4.858 -3.000 41.237
-1.738 0.291 3.472 -9.054 -3.000 36.422
0.000 -0.200 3.370 -2.783 -3.000 35.900
-0.606 0.165 2.986 0.000 -3.000 35.900
0.000 -0.200 3.240 0.000 -6.754 35.900
-1.365 -0.037 3.066 -3.280 2.309 36.518
-0.571 -0.200 3.344 0.000 -3.000 38.611
0.104 -1.073 3.241 -2.816 -4.259 30.819
0.148 -0.200 3.249 -0.085 -9.963 43.160
2.086 -1.029 3.056 -3.775 -3.417 46.849
1.139 -0.200 2.955 -2.164 -0.336 40.289
0.000 -0.470 3.370 0.000 -3.773 35.900
0.593 -0.032 3.191 0.000 2.856 38.942
-0.874 -0.200 3.092 0.000 -3.000 35.900
-0.504 -0.634 3.241 -4.976 -5.490 30.832
-0.748 -0.061 3.370 -0.705 2.374 34.760
0.000 -0.200 3.153 1.796 -7.492 35.900
-0.093 0.771 3.313 -1.292 0.219 31.963
-0.683 -0.791 3.370 -2.234 0.502 31.364
0.000 -0.196 3.205 1.348 -5.558 36.896
-0.606 -1.299 3.077 6.232 6.900 39.602
0.663 -0.735 3.205 0.939 -3.000 37.044
-0.141 0.272 3.131 6.474 -3.000 35.232
0.000 -0.200 3.370 0.000 -3.000 39.057
-0.203 0.242 3.370 -2.440 -0.856 35.900
0.000 -0.200 3.239 -6.181 -3.042 40.646
0.000 0.259 3.654 1.473 8.666 35.900
0.000 -0.169 3.313 -4.910 -3.000 42.555
0.000 0.273 3.370 3.309 -3.000 37.462
0.863 -0.975 3.453 -3.520 0.074 35.900
0.090 -0.200 3.370 -2.385 -8.261 36.137
-0.706 -0.421 3.370 -0.468 -1.355 30.553
0.702 -0.374 3.549 4.449 -1.632 36.780
0.000 -0.200 3.596 -1.417 -6.294 35.900
0.069 0.450 3.016 -6.662 -3.000 39.539
1.050 0.563 3.595 -4.543 -8.062 37.210
1.368 -0.304 3.382 9.077 -2.461 35.484
-0.188 -1.337 3.398 1.599 -3.000 35.900
1.294 -0.014 3.275 -5.651 -9.091 33.724
0.159 -0.126 3.092 0.000 -4.106 39.446
0.480 -0.338 3.352 2.442 -1.154 44.017
0.000 -0.200 3.370 0.000 -3.000 38.360
-0.758 -0.566 3.642 -1.721 -3.000 41.511
-0.562 -0.200 3.168 -2.482 3.973 27.768
0.000 -0.200 3.370 0.000 -3.000 40.118
-0.089 -0.672 3.093 -1.845 -3.000 35.900
0.407 -0.200 3.370 0.000 5.868 35.900
1.734 -0.746 3.449 -3.946 0.269 33.421
2.344 -0.286 3.328 -2.235 3.342 32.736
-0.087 0.715 3.550 -0.072 2.270 35.900
-0.052 -0.264 3.370 0.000 -3.000 40.875
-0.014 0.304 3.399 4.558 0.178 34.118
0.000 -0.404 3.370 0.000 -3.000 35.900
0.000 -0.144 3.600 4.202 -3.000 35.900
-0.621 -0.200 3.449 -1.615 -3.000 35.900
0.277 -1.183 3.429 6.587 -4.776 38.294
-0.544 -0.516 3.549 0.000 3.434 39.699
2.087 0.374 3.370 -5.296 -5.918 37.649
-0.047 0.034 3.320 0.053 -2.530 40.889
0.000 -0.200 3.493 0.000 -3.000 32.849
-0.380 -0.568 3.316 -2.803 -1.233 40.608
0.000 -0.523 3.370 5.457 8.840 35.900
-0.671 -0.281 3.292 5.969 0.217 35.900
0.000 -0.714 3.370 0.338 1.759 37.930
-0.146 -0.139 3.370 -1.735 -1.336 37.666
-0.779 -1.162 3.370 7.795 -4.783 35.900
0.000 -0.200 3.497 -1.891 -7.967 32.836
0.539 0.057 3.370 0.000 -3.664 38.351
0.000 -0.200 3.370 -6.019 -3.000 33.347
0.063 -0.072 3.303 0.000 -0.337 36.986
0.000 -0.200 3.370 0.000 -3.000 35.900
0.539 -0.248 3.347 -1.441 -8.918 30.176
0.205 -0.200 2.990 0.000 -1.027 35.900
0.000 -0.200 3.370 0.000 -3.000 35.900
0.840 -0.101 3.370 0.000 -5.091 30.344
-0.207 -0.687 3.397 -4.054 -6.337 36.780
0.000 -0.625 3.370 2.584 0.780 33.879
0.014 -0.200 3.529 -2.560 -3.000 34.547
1.385 -0.200 3.370 0.000 1.231 30.890
0.000 -0.703 3.425 -1.046 -11.652 35.900
-0.684 -1.114 3.278 -4.936 -3.000 39.456
-0.350 -0.032 2.685 -1.231 -3.000 35.900
0.902 -0.200 3.719 -4.054 -2.976 35.900
0.289 -0.380 3.127 1.272 -3.000 33.688
-0.520 -0.200 3.370 -2.167 -9.068 24.703
0.181 -0.175 3.785 -3.808 0.863 41.380
-0.235 -0.200 3.370 0.000 -8.669 34.142
0.000 -0.200 3.005 4.298 -4.681 35.900
0.214 -0.699 3.454 -1.026 -0.042 33.479
-0.864 0.281 2.874 1.063 -12.814 38.180
1.203 -0.200 3.370 8.843 4.192 42.537
-0.782 -0.200 3.667 1.797 -7.075 31.709
-0.098 0.428 3.293 -4.203 -1.317 34.921
0.817 -0.200 3.495 1.174 -9.186 33.140
0.000 0.815 3.370 -3.333 3.185 31.670
0.000 -0.200 3.124 1.850 1.482 35.900
0.000 -0.200 3.553 7.768 -4.120 24.513
0.248 -0.141 3.264 2.583 -5.537 47.976
0.490 -0.783 3.370 0.000 1.220 35.699
0.000 -0.200 3.370 -3.147 -3.000 35.900
0.000 0.649 3.534 0.122 0.460 29.663
0.587 -0.695 3.491 0.081 -3.000 31.139
0.091 -0.186 3.311 0.000 -1.704 37.570
0.000 -0.816 3.370 4.173 -3.167 36.901
0.000 0.234 3.683 1.956 -9.836 36.279
0.781 0.077 3.370 1.673 -2.021 47.029
0.292 -0.478 3.341 0.000 -15.720 31.710
-0.992 -0.200 3.518 -2.605 3.708 46.894
0.612 -0.067 3.133 -1.160 4.111 36.056
-1.456 0.619 3.548 0.000 -3.000 37.083
0.834 -0.200 3.652 -2.689 -3.000 35.129
0.552 -0.200 3.459 -0.134 8.078 42.518
0.598 -0.610 3.034 0.834 -0.435 37.387
-0.375 -0.410 3.613 -4.729 -4.596 38.973
-0.520 -1.065 3.492 -12.660 -14.104 36.461
0.000 -0.200 3.357 3.086 -2.973 37.857
0.000 0.430 3.294 -17.743 -7.601 34.131
-0.780 -1.435 3.522 3.451 6.389 46.138
0.000 0.370 2.917 0.000 -3.312 37.635
-0.063 -0.399 3.324 0.000 -3.000 32.463
-0.375 -0.541 3.370 -1.385 -3.000 32.290
0.010 -0.140 3.556 -2.248 -6.915 30.814
0.000 0.228 3.370 1.593 -3.000 37.561
-1.017 -0.005 3.680 0.284 1.445 30.241
-0.266 -0.200 3.370 0.000 -3.000 35.900
0.000 -0.200 3.370 0.000 -2.130 35.900
-0.046 0.114 3.370 0.000 -3.137 37.531
0.000 -0.034 3.370 0.000 -1.504 45.226
0.000 0.402 3.310 0.000 -3.000 43.668
0.571 -0.200 3.092 2.802 -3.000 35.900
0.048 0.020 3.754 1.320 3.316 29.286
0.413 -1.809 3.370 -0.684 7.282 35.179
-0.928 0.141 3.370 0.000 -4.842 43.787
-1.204 -1.129 3.135 -4.020 9.146 39.087
-0.051 -0.200 3.346 0.000 3.421 35.900
2.268 -0.181 2.647 2.740 -13.259 34.263
0.000 -1.351 3.371 0.000 -2.625 35.220
0.000 -0.200 3.534 0.137 -1.870 35.900
1.869 0.054 3.159 -6.790 -4.242 33.436
-0.113 0.067 3.415 0.000 6.490 35.900
-0.512 -0.200 3.484 3.478 -4.287 36.417
-0.036 0.289 3.027 -0.685 -0.417 35.900
-0.302 -1.046 3.561 3.610 -4.063 36.696
-0.643 -0.771 3.370 -4.701 -9.262 42.581
-0.684 0.159 3.515 -4.172 7.454 30.906
0.488 -0.138 3.418 2.576 -3.000 41.816
1.022 0.157 3.131 0.000 -2.520 35.900
0.441 0.112 3.172 0.107 -3.000 35.677
0.000 0.175 3.370 -0.527 -6.812 43.062
0.000 0.206 3.572 2.578 3.984 33.898
0.000 -0.451 3.659 -1.237 -4.103 39.062
0.760 -0.991 3.124 3.238 2.317 32.831
-0.263 -0.200 3.370 3.024 -3.000 41.519
0.040 -0.732 3.370 0.000 -3.000 35.900
0.402 -0.200 3.446 -4.659 0.957 35.165
0.000 -0.200 3.681 -3.497 -3.000 35.900
0.515 0.311 4.026 1.266 0.257 35.900
0.000 -0.200 3.342 -0.374 -3.000 27.592
-0.503 -0.200 3.370 0.000 -1.105 36.311
-0.266 -0.200 3.802 -0.062 -0.933 35.900
0.000 -0.200 3.496 -4.053 -4.710 39.690
0.000 -0.436 3.370 6.760 -4.651 35.900
-0.266 -0.200 3.370 -2.189 4.330 30.443
-0.257 -0.451 3.370 -1.494 1.397 35.900
0.565 -0.200 3.598 -5.307 -1.417 35.900
-0.311 -0.259 3.137 -3.222 10.783 33.225
0.625 0.112 3.372 -4.442 -3.000 23.966
0.949 -0.187 3.370 2.104 -3.000 31.375
0.177 -0.200 3.370 4.744 0.969 36.903
-0.282 -0.417 3.370 4.253 0.532 38.255
0.907 0.015 3.787 0.000 -2.092 35.900
-0.392 0.891 3.222 0.455 -8.068 40.015
0.000 -0.811 2.942 -5.604 -5.565 33.561
0.000 -0.200 3.816 -2.886 -7.689 35.900
-0.340 -0.200 3.390 0.000 -3.000 35.900
-0.573 -0.520 3.633 -0.648 2.382 39.827
0.144 -0.053 3.121 0.000 -6.627 35.844
0.369 -0.228 3.536 -7.762 -4.467 39.148
-0.240 -0.221 3.162 -5.137 -1.873 39.447
-0.041 -0.607 3.276 0.000 -3.000 35.708
0.587 -0.183 3.370 0.000 2.884 31.696
0.165 0.918 3.370 2.474 -5.383 32.588
0.918 -0.200 3.366 -7.825 -3.000 37.977
-0.264 -0.200 3.370 -4.577 5.924 32.261
0.424 -0.200 3.566 0.000 -3.000 31.108
0.000 -0.200 3.061 -2.800 -9.100 32.030
0.000 -1.351 3.173 4.240 -1.343 33.735
0.000 0.597 2.889 -1.848 -3.000 35.897
0.874 0.250 3.359 1.841 8.089 34.086
-0.443 0.461 3.370 0.000 -3.000 35.900
0.643 -0.200 3.457 0.000 0.152 35.900
0.555 -0.069 3.060 0.000 -0.402 30.309
0.578 -0.200 3.370 -0.365 -0.391 35.900
-0.473 -0.863 3.331 -1.839 -14.623 37.380
-0.637 -0.200 3.623 0.000 -3.000 35.900
-0.595 -0.200 3.370 0.000 -5.075 33.769
1.118 -0.246 3.370 6.542 -3.000 37.148
-1.161 -0.854 3.404 3.555 6.352 36.100
-0.643 -0.612 3.370 0.000 -3.000 39.879
0.000 -0.658 3.388 0.000 -10.280 38.795
0.410 -0.200 3.370 0.000 -3.000 37.260
0.674 0.228 2.974 0.000 -4.468 29.497
0.000 -0.200 3.370 4.268 -1.258 46.293
-0.296 -0.200 3.262 0.723 3.666 35.900
1.719 -0.878 3.584 4.182 -14.580 29.469
0.000 0.094 3.196 -1.841 8.373 29.733
-0.333 -0.200 3.370 0.000 -9.193 39.823
-0.523 -0.200 3.688 -2.906 -9.563 33.643
0.000 -0.200 3.370 0.000 -3.000 35.900
0.303 -0.814 3.145 0.000 -13.624 35.900
0.305 -0.200 3.370 -2.284 -3.000 35.900
-0.418 -0.681 3.370 0.310 -3.000 36.056
-0.739 -0.200 3.370 -6.282 -0.561 34.088
-1.854 -0.036 3.227 6.388 -0.946 42.929
-0.212 -0.173 3.588 1.318 -3.000 34.666
-0.708 -0.790 3.599 0.000 -3.850 34.783
0.405 -0.266 3.370 -2.639 -3.000 35.900
0.000 0.177 3.408 1.261 -10.454 37.721
0.055 -0.274 3.720 -3.946 3.218 35.900
0.000 0.040 3.697 -5.202 -7.202 31.383
-0.776 0.462 3.511 0.000 -4.840 29.348
-0.203 -0.200 3.133 -4.394 4.677 35.900
0.000 -0.200 3.370 0.472 -3.000 39.509
0.694 -0.034 3.241 -5.681 -3.000 31.394
0.186 0.071 3.448 0.000 -3.000 31.703
-0.663 -0.579 3.107 0.000 -7.034 31.473
0.230 0.209 3.370 0.000 -3.795 35.900
-0.163 -0.788 3.453 3.218 9.382 31.231
0.000 -0.694 2.842 -0.585 -4.877 31.774
-1.034 -0.200 3.370 8.575 -3.000 40.295
-0.579 0.245 3.801 3.259 -3.000 33.535
-0.347 -0.270 3.381 -1.809 -1.260 26.774
0.112 -0.467 3.095 0.000 -4.936 35.139
-0.289 1.000 3.278 3.004 -5.133 35.900
-0.266 0.155 3.688 4.744 -2.382 45.570
-0.167 0.537 3.124 0.000 -7.129 35.900
0.445 -0.079 3.019 -3.463 -3.000 35.900
-0.791 -0.200 3.668 5.430 -3.000 33.190
0.571 -0.200 3.176 0.000 4.440 32.383
-0.862 -0.384 3.370 2.621 -3.000 36.177
-0.605 -0.012 3.744 0.000 -3.000 36.240
0.000 -0.245 3.589 0.000 -6.715 34.602
-0.516 0.117 3.370 0.000 -3.000 34.881
0.000 -0.200 3.258 0.000 4.032 38.955
0.000 -0.200 3.053 1.322 1.552 38.771
-0.071 -0.200 3.129 1.147 -9.998 49.235
0.690 -0.761 3.398 -1.093 -2.596 36.568
0.603 -0.200 3.370 0.000 -6.852 35.900
-0.243 0.206 3.042 -1.225 -5.325 35.900
-0.672 -0.080 3.658 0.000 -0.173 36.463
0.402 -0.200 3.453 7.201 -11.282 34.438
0.000 -0.677 3.370 3.902 -3.000 34.180
0.000 0.120 3.370 -0.108 -8.436 39.567
-0.069 -0.307 3.342 -0.002 -5.078 31.386
0.000 -0.135 3.070 0.341 -3.000 35.900
0.579 -0.379 3.293 4.125 1.374 36.013
0.405 -0.102 3.370 -2.506 1.243 32.261
0.000 -0.200 3.370 4.845 -3.000 34.986
0.591 -0.200 3.370 1.277 3.099 30.013
0.355 -1.127 3.199 -5.082 7.274 42.253
-0.476 0.324 3.811 -2.178 -0.426 32.237
-0.128 -0.200 3.409 -5.100 -3.000 38.168
0.000 -0.200 3.370 0.000 -3.000 35.900
-0.091 -0.445 3.370 3.740 2.153 31.762
-0.642 -0.145 3.370 -0.148 -6.326 38.117
-1.022 -0.200 3.370 -1.061 1.612 40.778
0.000 -0.331 3.370 2.842 -2.413 30.446
-1.515 -0.070 3.381 -9.407 -3.000 30.786
0.294 0.353 3.235 0.000 5.163 29.647
0.000 0.312 3.370 0.746 -3.000 35.207
0.190 -0.358 3.703 -4.839 -5.723 35.900
-0.505 -0.837 3.796 3.723 -3.000 35.900
0.000 -0.200 3.035 0.623 -12.050 42.950
0.528 -0.200 3.657 -0.310 -3.000 35.900
0.349 0.178 3.553 -8.560 -3.000 35.031
0.654 -0.469 2.909 0.466 -2.687 35.900
0.185 1.679 3.467 3.974 0.495 49.861
0.446 -0.200 3.628 0.000 -7.260 35.900
0.793 -0.200 2.977 0.000 4.172 37.831
-0.954 -0.200 3.079 7.080 -9.021 33.051
0.000 -0.200 3.370 4.299 -0.798 40.279
-0.647 -0.791 3.315 4.584 0.919 37.446
0.968 -0.458 3.166 -2.402 -8.022 26.760
-0.223 0.456 2.800 -4.871 1.986 36.416
-1.382 -0.672 3.370 2.205 -3.331 42.828
-0.263 0.166 3.370 0.000 -0.314 29.624
0.107 0.006 3.370 6.339 9.337 35.900
0.989 -0.623 3.064 0.000 -3.000 37.931
0.007 -0.200 2.955 -0.592 -11.170 35.113
0.000 -0.918 3.477 0.000 1.969 34.843
0.479 0.218 3.324 -1.008 -5.107 35.811
0.000 0.130 3.370 0.000 -9.572 40.516
-0.389 0.222 3.370 0.000 -10.733 35.900
0.000 -0.241 3.234 -3.831 1.444 36.185
-0.642 -0.666 3.578 2.968 5.813 28.825
0.931 0.308 3.368 -1.786 0.517 40.249
0.557 -1.290 3.123 4.660 -3.000 27.283
2.052 -0.200 3.376 0.000 -6.100 37.228
0.313 -0.057 3.370 -2.441 -5.442 35.900
0.235 -0.200 3.370 -0.463 -1.561 39.461
-1.037 -1.004 3.089 -3.424 -9.729 55.973
0.000 -0.426 3.370 0.000 -2.499 35.900
0.700 0.024 3.692 0.000 5.398 35.606
-1.418 -0.510 3.370 -1.962 -3.000 34.134
0.000 0.060 3.571 0.000 -5.172 39.690
0.000 -0.512 3.172 3.709 -5.975 35.900
-1.119 -0.200 3.765 0.000 -3.000 35.900
0.000 -0.089 2.644 1.038 -3.000 35.900
1.063 -0.092 3.370 -4.963 -4.208 34.407
-0.773 -0.145 3.539 -2.769 -0.843 29.883
0.000 0.180 3.934 -1.301 -3.000 35.900
0.000 -0.200 2.902 -1.616 -12.856 37.653
1.298 -0.695 3.078 0.856 -5.845 35.900
-0.549 0.192 3.623 3.038 -7.804 28.505
-1.011 -0.170 3.485 -15.125 1.342 35.042
-0.695 0.079 3.302 1.617 -0.670 39.727
0.000 -0.240 3.679 -1.185 -5.553 35.900
0.000 -0.200 3.370 0.000 -3.000 33.328
0.000 0.173 3.430 0.000 -7.496 32.543
0.000 -0.662 3.370 0.000 -4.594 34.227
-0.151 -1.172 3.404 0.000 -0.574 35.900
0.197 -0.153 3.370 0.000 -5.579 33.674
-0.055 -0.410 3.467 -0.470 -0.725 34.648
0.000 -0.200 2.933 0.000 -3.000 35.900
-0.714 -0.200 3.224 0.000 -3.000 29.807
0.000 -0.571 3.370 0.000 -5.276 37.450
0.000 0.055 3.199 -3.928 1.514 35.900
-0.432 -0.200 3.085 0.000 3.364 42.337
-0.763 -0.699 3.456 0.000 -6.591 39.277
0.539 0.241 2.783 -3.131 -5.675 34.555
-0.174 -0.247 3.531 -4.371 -9.628 33.246
0.000 -0.694 3.911 0.000 -3.000 40.694
-0.025 -0.200 3.323 -7.675 -1.961 35.900
0.000 -0.800 3.231 -4.249 2.517 35.799
0.060 0.008 3.200 -2.122 0.620 35.900
-0.285 -0.200 3.099 -0.896 -6.960 34.099
-0.288 -0.354 3.300 4.828 -8.047 48.134
0.172 0.253 3.347 0.000 -1.641 35.900
0.000 0.019 3.370 4.666 4.912 36.455
0.000 -0.043 3.183 0.271 -3.000 40.975
-0.026 -0.829 3.044 2.809 -6.051 35.900
-0.519 -0.200 3.413 2.002 3.942 40.303
-0.708 -0.388 3.229 1.042 -3.000 32.762
0.000 -0.200 3.488 0.000 -5.816 31.700
0.215 -0.196 3.370 -0.032 -12.599 35.900
-0.560 0.348 3.493 4.177 5.450 35.900
0.318 0.091 3.347 -3.471 -3.000 35.900
0.183 -0.903 3.292 -3.691 -1.068 30.644
0.948 -0.744 3.370 2.218 -7.914 38.954
-1.081 -0.032 3.370 -4.105 -2.672 41.540
0.504 0.409 3.205 0.000 -3.000 33.747
0.000 -0.200 3.429 0.000 -3.000 36.287
-1.095 -0.457 3.096 2.935 -5.888 36.582
0.000 -1.102 3.370 4.789 -3.605 35.900
-0.422 -0.200 3.422 5.299 5.244 35.900
0.000 0.040 3.014 6.059 -3.000 31.023
0.426 -0.190 3.398 0.000 -13.285 40.922
-0.257 -0.200 3.341 1.203 -3.000 35.783
-0.442 -0.706 3.271 -1.684 -3.000 35.900
0.000 -0.200 3.796 0.000 -4.075 35.900
-0.872 -0.574 3.376 -3.168 2.683 31.023
0.383 0.113 3.845 0.000 -7.925 32.964
-0.995 0.454 3.521 6.330 -3.839 39.847
-0.094 -0.102 3.370 0.000 -1.528 35.900
0.559 -0.200 3.449 4.022 -0.842 37.967
0.046 -0.269 3.222 7.006 -2.465 30.369
-0.056 -0.539 3.232 0.852 -3.000 41.782
0.000 -0.200 3.477 5.857 5.077 38.779
0.000 -0.432 3.840 2.728 -3.000 35.900
0.155 -0.200 3.708 2.353 1.932 35.900
-0.554 -0.200 3.045 11.083 -8.266 36.370
0.541 0.148 3.610 0.648 -2.714 35.900
0.000 -0.200 3.413 -1.832 -1.850 43.385
0.000 -0.200 3.370 0.097 -7.636 36.979
0.000 0.252 3.370 0.205 -2.938 41.344
0.000 -0.248 3.393 0.000 1.336 35.900
1.297 -0.200 3.370 0.351 2.133 32.907
0.441 0.232 3.691 4.537 -0.046 33.557
-0.192 0.194 3.580 0.000 2.139 34.664
-0.232 -0.037 3.418 -1.100 -0.684 35.033
-1.454 0.124 3.457 3.236 4.785 42.227
-0.755 -0.673 3.231 -4.251 -6.875 40.079
-0.595 0.019 3.427 -5.540 -3.000 38.709
0.026 0.002 3.574 1.263 -6.500 37.893
0.000 -0.076 3.370 0.000 -0.626 38.560
0.000 -0.923 3.008 0.000 -9.333 31.128
-0.598 -0.200 3.370 3.490 1.869 35.900
0.356 -0.157 3.249 -3.527 -4.426 37.114
-0.604 0.258 3.674 0.000 -3.000 44.497
-0.876 -1.011 3.370 5.857 -14.320 37.399
0.000 -0.200 3.694 0.000 7.092 31.010
0.000 -0.200 3.588 0.000 4.293 31.249
0.000 -0.200 3.569 0.000 -3.000 35.900
-0.456 -0.337 3.219 -3.171 -3.000 34.861
0.426 0.478 3.002 0.000 -6.285 35.900
0.000 0.313 3.370 -5.262 -4.494 38.422
0.754 -0.694 3.884 0.000 -3.000 35.900
0.948 0.206 3.545 0.000 -3.000 33.792
-0.092 -0.200 3.370 0.000 -3.000 32.275
0.000 -0.108 3.370 -1.518 -3.000 31.925
0.000 -0.813 3.539 0.000 -5.401 35.900
0.000 -0.200 3.370 0.000 -3.000 39.568
-1.203 -0.743 2.844 0.818 -3.000 35.900
0.000 -0.200 3.370 0.000 -3.000 35.900
-1.541 0.125 3.370 0.000 -4.114 37.744
1.874 -0.834 3.032 10.835 6.226 34.463
0.694 -0.200 3.370 0.000 -0.548 35.900
0.291 -0.248 3.370 2.620 -3.000 35.900
0.562 -0.149 3.114 2.554 5.321 32.380
-0.641 -0.689 3.370 -7.823 -7.918 36.236
-0.437 -0.200 3.486 0.000 -3.000 35.900
0.394 -0.331 3.370 0.000 -3.000 30.785
-0.420 -0.493 3.370 3.605 -3.000 37.951
0.246 0.058 3.563 3.082 1.880 38.526
-0.486 -0.441 3.712 4.671 -2.936 39.574
0.000 -0.461 3.208 -4.535 3.839 35.900
0.850 -0.200 3.370 -9.021 0.541 41.188
0.129 -0.571 3.370 5.261 -1.161 35.658
-0.374 -0.630 3.370 2.228 -5.454 33.176
2.153 -0.872 3.761 0.000 2.097 35.900
-0.996 -0.541 3.370 4.958 -3.000 41.170
0.942 -0.388 3.370 -8.167 -5.027 39.677
0.258 0.205 3.026 2.480 -3.000 35.900
0.340 -0.963 3.698 0.907 12.199 34.078
-0.172 -0.467 3.631 0.000 -0.336 37.529
0.113 -0.503 3.370 -5.278 -3.000 34.216
0.255 -0.200 3.747 -4.036 -0.812 33.698
-0.481 -0.200 3.783 -2.943 -3.000 43.091
0.488 0.338 3.415 5.189 -0.060 38.487
-0.166 -0.200 3.370 0.000 -3.000 42.424
0.000 -0.183 3.805 4.256 -3.000 38.089
0.000 -0.234 3.200 -3.338 -0.545 31.594
0.731 -0.959 3.562 0.000 -16.255 35.900
0.031 -0.200 3.226 0.000 -4.133 35.900
0.895 0.401 4.033 0.000 -3.000 39.403
0.000 -0.440 3.370 -1.006 -9.356 35.900
-0.477 -0.713 3.742 -1.519 -4.416 35.900
0.000 -0.200 3.370 0.000 -3.789 35.900
0.426 -0.200 3.366 0.000 -0.752 33.583
-0.321 0.350 3.522 3.379 -3.000 35.900
-0.402 0.285 3.272 -1.843 -3.000 31.370
0.000 0.425 3.324 -0.366 -3.000 40.300
0.000 -0.200 3.243 0.000 -3.000 33.673
0.000 -0.200 3.370 0.000 -8.107 38.721
0.278 -0.200 3.597 -1.229 -3.979 41.736
-0.563 -0.682 3.477 2.230 -3.428 31.411
0.000 0.713 3.259 0.000 -3.000 35.900
-0.352 0.066 3.370 -5.263 5.010 43.020
-0.708 -0.862 3.370 4.391 3.407 42.533
0.000 -0.200 3.190 0.000 -3.000 33.829
0.774 0.211 3.117 5.714 -8.210 35.219
0.629 -1.357 3.370 0.000 -3.000 37.606
0.647 -0.200 3.069 0.000 -2.719 33.133
1.057 -0.200 3.370 0.000 1.866 35.900
-0.405 -0.059 3.093 0.000 -3.000 35.900
0.898 -0.209 3.370 0.151 -3.000 34.146
-1.256 0.732 2.977 2.982 -2.020 29.232
0.091 0.106 3.081 0.720 -4.922 34.638
0.846 -0.324 3.370 2.607 -3.000 34.001
0.452 -0.375 3.563 -2.292 -2.133 35.900
0.219 0.155 3.370 4.350 -3.000 33.327
-0.230 -0.477 3.472 0.000 0.716 35.900
0.000 -0.114 3.370 3.977 1.934 35.900
-1.059 0.763 3.005 3.546 0.086 28.277
0.268 -0.073 3.337 0.000 -3.000 29.958
0.000 -0.648 2.922 0.000 -3.000 35.900
-0.686 -0.507 3.370 2.623 -0.367 35.900
-0.368 -0.155 3.129 0.691 -3.368 39.420
0.000 0.197 3.370 -2.001 -3.000 30.298
0.994 0.097 2.622 -0.488 3.149 35.900
0.000 -0.121 3.339 1.230 -4.881 32.099
-0.168 -1.171 3.412 -0.579 4.416 39.703
-0.640 -1.102 4.066 -5.150 -3.808 30.237
0.765 -0.277 2.949 2.056 4.021 40.452
0.558 -0.715 3.666 -1.606 -3.000 42.779
-0.919 -0.200 3.370 0.000 -3.000 35.900
-0.491 0.722 3.577 -8.687 -0.138 38.148
0.845 -0.200 3.543 -0.813 -6.427 35.900
0.000 -0.200 3.201 0.000 -0.556 29.674
-0.486 -0.536 3.790 -7.297 -4.245 39.425
0.000 -0.200 3.370 0.000 -3.000 34.173
-0.060 0.065 3.575 0.365 -1.162 35.444
0.846 -0.200 2.915 0.020 -3.000 35.900
0.942 -1.073 3.535 0.600 1.990 42.843
-0.368 -0.120 3.823 0.000 -3.000 35.900
-0.849 0.086 3.370 4.076 -3.000 31.507
0.209 0.259 3.370 0.000 -3.000 35.900
0.541 0.300 2.872 4.860 10.964 34.896
0.804 0.401 4.114 -7.558 -5.338 38.725
0.000 0.398 3.370 -1.875 -6.981 39.642
-0.705 -0.705 3.606 1.858 -2.502 35.900
1.330 0.269 3.648 0.000 1.107 35.900
-0.155 -0.200 3.414 -5.126 -3.000 35.900
-0.559 -0.495 4.142 -4.200 -3.000 38.019
0.070 -0.460 3.696 0.000 -8.805 35.900
0.131 -0.201 3.214 -3.045 -3.000 37.816
0.000 -0.926 3.301 0.000 -3.000 35.900
0.000 -0.488 3.370 1.821 -3.000 32.302
0.000 0.557 3.378 -0.524 0.851 34.574
0.508 -0.044 3.615 0.289 -0.513 34.122
-0.448 -0.200 3.370 0.000 -3.000 36.212
0.000 -0.200 3.421 0.000 -3.000 35.900
0.000 -1.004 3.192 -0.748 -4.543 35.900
0.205 -0.200 3.370 0.000 -1.453 36.439
-1.041 -0.619 3.323 -7.425 -9.871 30.504
1.013 -0.200 3.221 0.281 -5.040 35.900
0.281 -0.200 3.709 -3.563 -3.000 41.836
0.000 -0.200 3.370 0.000 -8.161 34.064
-0.612 0.056 3.896 2.229 -7.927 24.570
0.000 -0.200 3.370 0.000 -3.000 35.900
-1.155 -1.414 3.301 3.608 0.329 37.747
-0.732 -0.200 3.204 -3.096 -5.251 35.900
-0.290 -0.236 3.844 0.000 0.827 35.720
0.434 -0.200 3.370 0.761 -10.781 37.058
-0.689 -0.837 3.370 7.117 -3.272 41.321
0.160 -0.200 3.370 0.000 -7.511 37.039
-0.271 -0.200 3.549 1.854 -1.990 36.160
0.000 0.443 3.238 -1.674 -8.454 35.900
-1.901 -0.260 3.043 1.462 3.433 36.263
-0.264 0.033 3.174 4.746 -5.934 34.682
-0.171 -0.200 3.353 0.176 -9.434 35.900
0.032 -0.068 3.370 1.096 -6.341 37.171
0.000 -0.522 3.091 0.000 -3.043 35.900
0.546 -0.578 3.648 1.030 -14.032 36.740
-0.613 0.488 2.820 -4.540 -3.000 38.342
0.828 -0.147 3.370 -5.185 -3.000 35.530
0.002 -0.200 3.637 3.122 -3.000 35.900
0.000 0.405 3.084 -3.245 -3.000 34.228
0.000 -0.200 3.489 3.644 -3.000 35.900
0.366 0.607 3.039 -3.546 -2.593 36.990
0.000 -0.200 3.370 0.000 -3.000 35.900
0.003 -0.474 3.133 2.277 1.799 35.900
-0.780 0.535 4.220 -3.202 7.773 31.014
0.000 -0.200 3.370 1.379 -3.000 32.552
0.929 -0.362 3.285 -3.961 -2.347 38.059
0.071 0.166 3.948 0.589 4.286 34.341
-0.114 0.356 3.370 4.083 -6.122 39.931
-0.077 -0.275 3.280 3.345 9.106 34.350
-0.935 0.606 2.995 0.000 -4.622 35.900
0.165 -0.150 3.404 0.000 -8.904 37.146
-0.998 -0.649 3.586 -5.218 -4.407 35.900
-0.038 -0.200 3.225 0.000 4.069 35.900
-2.174 -0.143 3.574 -3.015 -4.930 34.472
0.000 -0.200 3.370 0.000 -0.879 42.605
0.000 -0.200 3.370 0.000 -3.000 35.900
0.680 -0.200 3.376 0.000 -5.920 35.900
-1.197 -0.108 3.735 0.000 -3.000 32.147
0.000 -0.200 3.529 0.363 -0.567 35.900
-0.394 -0.097 3.754 -4.806 -9.105 36.503
-0.112 -0.475 3.193 -1.654 -8.252 38.274
0.133 0.269 3.259 -4.962 -5.926 36.510
0.408 -0.359 2.831 1.992 2.407 31.243
0.525 -0.200 3.438 -8.934 -7.660 37.176
0.298 -0.200 3.680 0.000 2.743 28.412
0.000 0.236 3.425 0.527 1.513 38.758
-0.323 0.275 2.809 -0.707 -8.916 34.831
-0.229 -0.200 3.370 4.478 4.904 35.900
0.542 0.102 3.656 3.357 -3.000 37.039
1.420 -0.730 3.370 0.000 2.988 31.522
-0.076 0.005 3.370 -8.336 -1.245 38.557
0.289 -0.200 3.280 3.223 -3.000 36.828
0.000 -0.200 3.797 -0.959 1.611 35.900
-0.471 -0.314 2.509 0.762 -3.000 32.915
-0.624 -0.277 3.801 -2.382 -4.110 35.900
0.000 -0.200 3.370 0.000 -3.000 35.900
0.000 -0.216 3.370 0.000 -3.000 35.900
0.697 -0.619 3.370 4.502 -3.789 33.183
0.000 -0.715 3.305 -3.580 -9.498 32.533
0.000 -0.155 3.360 0.000 -3.000 35.900
0.000 -0.408 3.660 0.000 -2.740 35.900
-2.034 -0.200 3.838 -3.554 7.538 30.540
0.031 -0.200 3.370 0.000 -7.377 48.216
-0.833 -0.329 3.221 0.000 -1.347 34.840
1.538 -0.697 3.386 -1.867 -5.237 41.615
-3.192 0.268 3.254 0.000 6.174 33.443
-0.139 -0.637 3.066 0.000 -16.828 33.254
0.000 -0.797 3.370 0.000 -3.000 41.125
0.442 0.553 3.757 3.769 1.005 35.900
0.000 -0.117 3.466 7.917 5.640 41.186
-0.316 -0.668 3.236 -9.835 -8.546 40.218
0.502 0.013 3.511 0.000 -3.000 35.900
0.000 -0.903 3.420 -4.091 -3.000 32.029
0.000 0.169 3.370 6.136 -3.000 35.900
0.255 -0.590 3.546 5.567 6.270 35.900
-0.129 -0.869 3.509 -1.571 -3.000 36.125
0.000 0.021 3.604 0.000 -3.578 35.900
0.000 -0.499 3.370 -2.273 -3.000 34.838
-0.099 -0.200 3.393 6.356 -7.299 33.445
-0.370 0.324 3.370 0.000 2.726 35.900
0.000 -0.200 3.223 -1.037 0.006 36.905
-1.400 -0.321 3.962 -3.415 -3.000 31.509
0.000 0.678 3.701 -2.041 6.554 33.602
0.834 -0.190 3.330 0.000 -10.936 35.900
0.422 -0.715 3.441 -0.359 -1.110 32.392
-1.142 0.876 3.081 -2.686 -0.775 40.696
0.483 -0.200 3.370 0.682 -3.000 35.900
0.286 -0.152 3.370 3.649 3.152 35.594
-0.616 -0.020 3.292 6.858 -11.514 39.760
0.000 -0.200 3.370 1.188 -3.000 26.358
0.053 0.271 3.486 6.799 2.833 36.575
0.000 0.862 2.892 -4.298 -3.000 30.378
0.611 -0.568 3.200 -3.772 -3.000 36.322
0.336 -0.777 3.312 -0.227 -3.000 30.948
-0.673 0.089 3.370 0.000 0.028 33.373
-1.331 0.163 3.460 0.000 -8.461 35.900
0.000 -0.200 3.507 6.683 -3.000 35.900
0.780 0.093 3.370 6.398 -3.000 41.914
0.000 0.400 3.698 0.000 3.431 39.027
-0.460 -0.415 3.232 0.000 -1.138 35.900
0.000 -0.666 3.596 0.000 0.326 34.494
0.000 -0.200 3.039 0.000 -3.000 35.900
-0.041 -0.666 3.370 -1.995 -3.000 29.778
0.000 -0.200 3.370 0.000 -0.017 35.900
0.000 -0.627 2.854 -1.521 -3.000 35.900
0.000 0.039 3.357 0.000 -3.000 31.250
0.000 -0.200 3.574 4.625 -4.550 34.998
0.239 0.321 3.011 3.831 -14.787 32.531
-0.339 -0.200 3.370 0.165 -3.000 35.900
-0.053 -0.200 3.370 0.000 -3.000 32.085
-0.399 -0.668 3.202 0.000 7.816 36.161
-1.346 0.569 3.303 -4.515 -9.376 36.677
0.705 -0.513 3.676 0.000 -6.526 37.739
0.000 0.236 3.552 1.921 3.373 35.886
0.000 -0.153 3.692 -4.599 -3.397 31.149
-0.667 0.015 3.370 -4.344 -2.604 30.418
-0.041 -0.346 3.370 7.206 -4.894 32.175
-0.528 -0.228 3.146 0.000 -1.908 29.780
0.446 -0.728 3.370 -3.576 -0.206 34.019
0.084 -0.011 3.637 2.086 -3.000 34.107
0.000 0.367 3.370 0.876 -3.000 35.691
1.221 -0.200 3.002 3.734 -3.000 45.308
0.000 -0.132 3.122 -3.659 -3.000 35.900
0.813 -0.200 3.370 3.943 3.171 36.392
-0.292 -0.863 3.251 0.000 -11.348 34.366
-0.615 -0.507 3.120 -4.893 -3.000 35.900
-1.448 0.348 3.537 0.000 -11.207 35.900
0.226 0.173 3.370 4.475 -3.000 36.718
-0.746 0.000 3.651 -0.164 -3.000 35.900
0.000 -0.597 3.370 0.000 -3.000 34.453
0.000 -0.200 3.707 5.121 -1.672 34.549
0.305 -0.200 3.058 0.438 -3.000 37.198
0.092 -0.622 3.370 -1.150 -4.258 40.839
-0.689 -0.200 3.656 6.900 -13.018 35.900
-0.482 -1.209 3.713 0.000 -3.000 39.375
-0.146 -0.510 3.351 0.000 -8.273 43.217
0.000 -0.200 3.370 -2.351 -9.194 35.900
-0.662 -0.200 3.774 0.029 -3.000 35.900
0.032 -0.200 3.606 10.702 -3.000 37.575
0.000 -0.707 3.561 0.629 -3.000 33.058
0.000 -0.011 3.370 0.000 -1.853 35.900
0.551 -0.912 3.223 4.052 -3.000 32.532
-0.996 -0.981 3.683 -4.419 -1.575 33.460
-0.968 -0.915 3.005 5.830 3.132 29.338
0.738 -0.200 3.370 0.000 -2.406 40.265
1.284 0.218 3.243 -0.885 -6.718 32.974
0.000 -0.268 3.370 -3.073 -3.000 35.382
-0.471 -0.200 3.539 1.559 -3.000 35.900
1.696 -0.111 2.879 -4.460 -7.173 41.479
-1.413 -0.500 3.722 -4.939 -0.387 41.775
-0.560 -0.200 3.176 -7.445 -8.104 30.904
0.133 -0.210 2.872 4.722 4.249 35.822
0.000 -0.200 3.298 0.000 -3.000 32.111
0.000 -0.200 3.370 3.831 -19.299 31.110
0.681 -0.209 3.026 3.943 1.578 39.805
0.000 -0.760 3.057 0.000 -3.000 32.006
0.000 -0.302 3.731 0.434 -3.000 35.900
0.686 1.076 3.443 -4.074 -3.000 35.900
0.000 0.132 3.232 2.318 -0.572 34.681
0.213 -0.200 3.102 0.000 0.217 30.068
-0.492 -0.200 3.573 -4.005 -0.080 35.900
-0.403 -1.124 3.628 -2.273 -8.392 33.658
-0.095 0.042 3.642 -3.224 -3.995 36.768
-2.211 -0.200 3.708 0.000 -3.900 35.900
0.749 -0.400 2.908 -0.387 -13.270 39.848
0.000 -0.200 3.083 -1.749 -3.000 31.668
-0.037 -0.322 3.060 0.000 2.303 33.173
0.000 0.143 3.337 -2.752 -4.493 32.203
-0.308 0.086 3.082 0.000 -5.449 36.421
0.000 -0.200 2.860 3.726 -3.000 37.605
-0.345 -0.468 3.143 0.000 -2.754 34.226
0.565 0.017 3.322 3.770 -3.000 37.045
-0.632 -0.313 3.860 -4.635 10.103 30.830
0.480 -0.274 3.370 0.739 3.285 33.054
-0.746 -0.200 3.370 -8.520 1.481 30.837
-0.789 -0.556 3.499 1.824 -2.372 35.900
-0.793 0.732 3.370 5.841 6.645 41.347
0.000 -0.912 2.918 -0.167 -3.000 41.066
1.553 0.866 2.978 0.000 -5.613 30.813
-0.054 0.725 3.217 4.457 -5.379 36.660
0.000 -0.200 3.370 0.000 -3.000 35.900
0.189 -0.409 3.634 6.759 -8.149 30.218
0.716 0.166 3.008 -1.602 10.284 38.946
0.000 -0.200 3.048 -0.263 -3.000 35.900
0.201 -0.080 3.140 2.363 -3.000 28.875
0.000 -0.939 3.370 0.000 -1.817 33.808
0.473 -0.413 3.397 -1.591 3.072 35.709
0.990 -0.033 3.384 -5.800 3.293 41.219
0.700 -0.788 3.370 2.755 -0.181 36.290
0.339 -0.071 3.041 -0.671 0.167 36.244
0.141 0.106 3.303 0.000 -3.000 39.460
0.223 -0.296 3.418 3.034 -6.880 42.040
-0.006 -0.814 3.754 2.380 -5.058 31.678
-0.704 -0.200 3.153 -2.641 -9.435 37.397
-0.875 -0.167 3.437 0.000 0.179 35.951
-0.394 0.269 2.598 -9.492 -3.000 35.900
0.309 -0.575 3.219 2.316 2.698 37.212
0.000 -0.200 2.818 -2.799 -9.689 35.900
-0.332 0.162 3.395 1.406 -3.000 35.900
0.132 -0.510 3.370 0.312 2.959 49.134
-0.724 -0.416 3.127 -3.387 -3.000 35.154
0.000 -0.200 3.488 -4.389 2.063 35.900
-0.285 -0.200 3.067 0.000 3.159 35.900
-0.065 -0.189 3.370 5.864 -2.474 36.808
0.000 -0.376 3.370 0.000 -3.000 40.896
0.000 -0.571 3.370 3.825 -6.918 39.794
0.623 -0.232 3.370 1.607 -3.000 32.635
-0.100 -0.834 3.865 2.680 -3.000 37.693
-0.178 -0.139 3.342 0.000 -3.000 37.341
-0.658 -0.200 3.303 -1.766 -4.644 38.024
0.715 -0.452 3.782 -2.237 -2.329 30.687
0.713 0.398 4.070 3.728 -0.670 35.900
0.937 -0.449 3.370 0.795 -8.713 35.900
0.737 -0.200 3.370 -3.487 2.762 35.900
0.000 -0.200 3.370 0.000 -8.723 35.900
0.000 -0.200 3.370 0.000 -1.696 35.900
-0.575 -0.777 3.371 3.098 -3.000 31.382
-2.002 -0.200 3.436 6.056 5.450 33.574
0.057 -0.200 3.370 1.173 -2.005 31.674
0.614 0.344 3.512 3.518 -0.617 36.859
-0.106 -0.177 2.993 0.404 -0.882 38.095
-0.363 -0.551 3.540 -0.023 2.043 38.712
0.000 -0.200 3.107 0.000 -3.244 35.900
0.912 0.558 3.318 0.000 -10.196 34.891
0.000 0.161 3.333 2.967 -8.459 33.903
0.000 -0.200 3.370 1.069 -3.000 31.002
0.000 -0.200 3.370 2.427 -8.732 31.539
-1.641 0.168 3.275 8.378 4.252 40.345
-1.277 -0.200 3.325 -15.010 1.886 37.280
-0.207 -0.466 3.578 0.000 -9.080 35.900
-3.009 0.209 3.370 -3.452 -0.679 35.900
0.422 0.192 3.234 0.274 -4.442 39.902
-0.059 0.122 3.087 1.133 1.143 33.327
0.922 -0.200 3.370 -2.183 -3.000 39.078
0.193 -1.485 3.370 1.141 -6.532 28.983
0.099 -0.751 3.370 -3.250 0.987 35.900
0.335 0.619 3.117 2.608 -3.000 40.798
1.462 -0.200 3.370 -4.229 -6.692 35.900
0.023 0.046 3.141 0.000 -1.014 39.765
0.000 0.091 2.956 0.000 -4.860 35.348
-0.018 -0.200 3.507 0.000 -1.928 35.900
-1.897 -0.398 3.597 0.000 -8.834 33.873
0.769 0.392 3.370 -8.054 -9.940 35.709
0.556 -0.876 3.370 0.781 1.531 32.206
0.000 -0.200 3.370 0.000 -3.000 35.900
0.000 -0.902 3.511 -4.483 -12.462 34.023
-1.046 0.490 3.273 -6.182 -2.018 31.793
-0.136 -0.575 3.354 5.133 -7.593 32.509
-1.575 0.038 3.370 -5.377 -0.424 39.321
0.349 -0.200 3.082 0.000 -3.000 33.244
0.547 -1.107 3.278 -4.103 -9.221 35.900
0.000 -0.455 3.370 0.000 -3.000 35.009
0.000 -1.367 2.659 0.861 -1.068 37.049
0.000 -0.518 3.370 0.000 -3.000 35.900
0.000 0.385 3.119 0.000 -3.000 35.900
0.000 -0.362 3.370 0.246 -5.905 39.520
0.614 -0.200 3.370 -2.501 -3.000 35.900
1.665 -1.186 3.075 1.962 -9.073 34.880
0.000 -0.185 3.355 -3.835 4.282 35.900
1.527 0.943 3.401 -0.244 0.560 37.831
0.000 -0.537 3.493 5.684 -7.724 35.900
-0.453 -0.146 3.370 0.463 -3.517 33.764
1.651 -0.260 3.370 -0.545 -3.000 41.693
0.585 0.645 3.622 -3.389 -4.354 35.900
0.749 -0.875 3.370 -0.551 -3.000 37.330
-0.073 -0.129 3.630 0.000 -3.000 35.398
0.000 -0.200 3.386 1.936 -4.982 34.354
-0.403 -0.090 3.320 0.000 3.428 35.387
0.919 -0.200 3.037 -5.602 -4.835 37.143
-1.074 0.381 3.480 -0.852 16.482 33.878
-0.059 -0.200 3.558 1.555 -11.239 32.826
-0.665 -0.200 3.600 0.000 -14.733 35.900
0.000 0.579 3.541 0.000 -14.736 38.277
-1.623 -0.389 3.370 -8.124 1.229 33.220
0.000 -0.200 3.700 3.629 -3.000 40.776
-0.658 -0.929 3.240 1.073 -3.000 35.900
0.752 -0.773 3.091 0.000 -3.000 31.561
-0.057 -0.578 3.217 0.000 -3.000 35.387
0.000 -0.128 3.301 -5.859 -9.957 35.442
0.000 -0.497 3.913 -2.578 -3.000 35.900
-0.309 0.733 3.196 7.300 -1.082 37.070
0.000 -0.200 3.370 -2.661 -3.000 30.065
0.000 -1.203 3.370 -1.236 -4.123 35.546
-0.342 -0.200 3.301 5.293 1.700 35.900
0.492 -1.237 3.370 -6.098 -1.800 35.900
0.000 -0.614 3.213 0.000 8.667 35.900
-0.826 -0.776 3.370 -3.365 -3.000 36.125
-0.710 -0.592 3.410 2.730 3.316 34.161
0.816 0.522 3.370 3.799 -2.044 31.262
-0.582 -0.670 2.984 -1.316 -3.000 39.302
-0.152 -0.240 3.287 -2.280 -1.709 36.565
0.594 -0.554 3.604 0.768 -0.193 33.176
-0.488 0.434 3.370 -0.995 3.027 46.783
0.818 0.409 3.370 0.000 4.487 30.959
0.000 -0.200 3.135 0.000 -7.673 34.137
-1.450 -1.423 3.776 -0.525 6.155 30.967
0.310 0.363 3.366 0.000 -9.216 35.900
-0.409 0.642 3.448 0.827 -3.776 35.521
0.000 -0.200 3.354 0.000 -3.000 36.080
-0.131 -0.768 3.684 0.000 -6.671 36.520
0.091 0.168 3.410 5.973 -0.525 35.900
0.000 0.213 3.208 0.374 -3.000 41.746
0.259 -0.200 3.370 0.299 3.818 34.356
0.000 -0.370 3.333 -1.471 -1.880 33.667
-0.840 -0.200 3.370 -4.900 -4.559 35.900
-0.791 0.034 3.370 0.000 -3.000 39.848
0.000 -0.200 2.957 5.903 -10.624 40.798
0.000 -0.680 3.154 -1.184 -10.267 31.209
0.000 0.513 3.003 0.000 -3.608 35.900
0.000 0.335 3.112 0.367 -6.069 35.900
-0.309 -0.102 3.748 1.009 -7.330 42.055
0.000 -0.200 3.373 4.199 -1.838 30.630
0.808 1.011 3.702 4.391 3.056 35.900
0.000 0.279 3.370 -4.556 -4.437 35.900
-0.440 -0.402 3.153 0.093 4.976 40.158
0.509 -0.375 3.370 2.048 -4.292 34.730
0.000 -0.593 3.182 8.646 1.798 33.020
-0.955 -0.200 4.274 0.000 -6.234 33.197
0.000 -0.387 3.508 3.677 -12.408 38.440
0.476 -0.343 3.257 0.000 3.050 35.900
-0.126 -0.409 3.490 3.406 -3.000 33.076
0.000 -0.200 3.624 -3.296 -3.000 32.653
0.000 -0.200 3.315 1.537 3.889 36.659
0.000 -0.200 3.370 -6.381 -1.749 35.900
0.000 -0.629 3.033 2.247 3.220 31.856
-0.773 -0.696 3.014 0.000 -1.050 35.900
-0.225 -0.026 3.219 -6.544 -4.659 38.413
-0.744 -0.828 3.041 2.511 -3.680 35.900
-0.339 -0.200 3.370 -3.405 4.313 35.900
-0.900 -0.200 3.370 0.000 -3.000 35.900
0.000 -0.177 3.370 -4.552 4.236 40.633
