-0.85 -0.53 3.07 2.2 1.2 32.4
0.76 0.06 3.46 -0.7 5.2 36.9
-0.1 0.19 3.34 1.3 6.6 32.1
-0.56 0.28 3.24 -5.7 2.5 35.6
0.58 -0.51 3.24 3 -2.1 33.4
0.04 -0.15 3.39 -2.2 -7.1 41.3
0.27 -0.76 3.35 0.8 -3.2 33
0.18 -0.3 3.24 3 -1.3 39.5
-0.16 0 3.21 0.8 8.2 28
-0.45 0.4 3.25 -5 5.4 37
0.5 -0.74 3.39 1.6 4.2 27.3
0.43 -0.5 3.34 0.4 9.9 34.4
-0.61 0.37 3.44 0.2 10.4 30.8
0.16 1.44 3.27 -0.3 -7.7 44.4
-0.18 0.25 2.95 4.3 5.4 26.6
0.08 2.47 3.29 -3.1 -12.1 47.4
0.7 -0.08 3.53 0.9 -2.3 33.3
0.71 -0.37 3.53 2.2 -4.8 40.6
0.28 -0.4 3.15 4.3 -3.1 32.7
-0.15 -0.79 3.41 -2.5 10.7 28.4
-1.09 -0.44 2.98 -3 13.4 28.8
0.24 -0.41 3.59 -3.2 -2.6 36.5
-0.03 -0.96 3.11 3.6 18.3 29.3
-0.11 -0.35 3.06 0.1 1.1 28.8
0.11 0.23 3.39 6.1 8.4 29.8
0.3 2.49 3.09 -2.6 -9.8 44.2
-0.13 0.29 3.53 -2.7 -1.6 36.4
0.23 -0.3 3.6 4.9 -7.7 40.5
0.36 -0.18 3.24 0.6 2.7 32.9
-0.38 -0.01 3.77 0.2 8.3 35.1
-0.16 -0.46 2.75 -2.9 6.3 29.9
0.21 -0.38 3.23 -13.9 5.9 31
-0.54 -0.83 3.39 8.3 5.3 29.7
0.53 -0.29 3.61 2.7 5.4 36.3
-0.05 -0.45 2.96 -2.2 1.9 34
0.07 -0.22 3.66 2.3 -2.9 39.9
-0.16 -0.13 2.99 -0.5 0.2 28.9
-0.48 2.55 3.4 -2.6 -19.8 50.3
0.96 0.89 3.43 2.7 7.6 28.7
-1.21 0.92 3.21 -5.7 -1.4 37.2
-0.01 -0.15 3.39 -0.1 4.7 34.2
0.33 0.27 2.99 1.3 9 33.3
0.22 -0.48 3.25 4.6 8.9 28.5
1.33 0.17 3.4 2 17.1 32.9
-1.77 0.89 3.25 -6.5 2.9 38.5
0.62 0.95 3.37 2.6 -2.7 40.3
-1.13 0.54 3.31 -5.6 -4.1 35.1
1.33 0.99 3.13 6.9 -1.5 42.2
-1.2 0.44 3.45 -6 -2.9 34.1
-0.13 0.21 3.55 0.5 4.3 37.5
0.75 -0.33 2.85 3.7 6.2 25.9
-0.38 -0.19 3.24 -4.2 9 32.3
0.3 0.39 3.89 7.4 12.8 33.8
0.8 1.18 3.26 3.4 24.6 25.5
-1.04 0.51 2.82 -10.3 -1.8 24.2
-0.35 -0.01 3.37 3 8.2 38.3
1.52 0.63 3.02 2.3 -13.2 32.9
-1.33 1.13 4.04 -1.7 -3.2 42.7
1.54 0.6 3.75 6.4 -12.4 36.9
-1.25 0.83 3.36 -6.8 7.6 35.8
-0.34 -0.47 3.13 -2.7 -0.6 30.3
0.14 0.63 3.58 1 10.4 37.3
-0.2 -0.41 2.94 -5 4.2 31.4
-0.26 0.1 3.44 -0.4 8.9 32.8
0.49 0.21 3.06 3.7 5.4 31.2
0.77 1 3.3 4.9 9.7 36.1
-1.05 1.59 3.43 -5.5 -4.6 41.7
1.03 1.2 3.44 2.8 -6.9 39.1
-0.8 0.54 3.32 -2.2 -2.7 34.7
0.88 1.78 3.46 4.6 -4 44.5
0.22 0.33 3.11 -2.8 8.6 27.4
-0.58 0 3.4 -3.7 5.4 35.5
-0.15 -0.24 3.29 -2.8 4.5 36.4
-0.11 -0.97 3.16 3.7 7.2 28.7
-0.3 -0.16 3.35 0.3 6.2 31.4
0.2 0.13 3.24 1.9 7.8 30.3
-0.92 1.77 3.5 -3.2 -3.4 44.5
1.09 0.56 3.21 0.5 -5.3 33.2
-1.28 1.21 3.46 -2.2 -6.7 39.5
1.34 1.6 3.41 5.2 -5.6 42.9
-0.71 0.87 3.2 -6.8 7.2 35.8
-0.44 0.1 3.41 1.1 7.5 32.8
0.39 0.2 3.28 2.3 9.2 32.1
-0.13 -0.37 3.36 -3.4 7.6 30.4
-0.46 0.65 3.41 -1.7 9.1 36.2
0.09 -0.43 3.22 0.2 -0.1 28.5
0.87 0.51 3.55 2.7 5.1 35.8
-1.32 0.46 3.33 -3.5 -7.8 36.6
0.49 1.92 3.7 1.2 -8.8 45.6
-0.33 1.66 3.54 -1.7 -9.9 41
0.09 0.23 3.14 -3.1 3.9 32.6
0.54 0.01 3.32 2.3 10.4 31.3
-0.03 0.55 3.23 1.5 11.7 30
-0.04 -0.39 3.79 2.6 22.1 25.1
0.08 -0.51 3.04 -4.6 5.4 32.5
-0.48 -0.52 2.96 -1 5.5 24
-0.36 0.55 3.36 -4 -0.3 42
1.28 0.26 3.52 10.2 2.4 32.3
-1.42 1.32 3.21 -7.7 -5.5 41.7
0.98 0.37 3.32 -1.9 -2.7 35.9
-0.83 0.43 3.19 -1.3 -3.5 36.1
1.59 0.76 3.55 7.6 1 38.7
-1.42 0.23 3.47 -6.8 12.8 32.8
-0.74 -0.29 2.99 -2.8 9.6 30.2
0 0.08 3.32 0.2 9.5 30.2
-0.21 0.02 3.33 -0.2 5.3 40.3
1.18 0.66 3.22 5.6 -2 33.9
-1.06 0.93 3.13 0 7.1 30
0.85 2.32 3.41 2.2 -16.8 47.7
0.08 -0.05 2.92 -1.2 2.4 34.7
-0.23 -0.21 3.91 4.5 1.3 36.9
0.17 -0.34 3 -4 -3.8 32.9
0.08 0.04 3.67 1.9 4.1 38.7
0.34 -0.69 3.1 -4 14.5 24.2
0.02 0.18 3.18 1.8 7.1 34.4
0.33 -0.1 3.24 2.8 5.3 35.9
-0.25 -0.2 3.26 -1.8 1.2 31.5
-0.14 -0.49 3.58 -0.9 0.7 35.8
-0.05 -0.02 3.38 2.8 -6.5 39.2
-0.34 0.25 3.15 1.2 -2.9 35.2
-0.07 2.29 3.34 -2.4 -11.7 42.5
0.05 0 3.33 -0.6 10 28.9
-0.07 -0.47 3.23 -3.3 2.2 30
0.33 -0.83 3 0.5 13.5 33.6
-0.33 -0.36 3.82 6.9 6.7 30.3
1.39 -0.13 2.8 0 10.6 24.5
0.43 -0.02 3.44 -7.9 7.1 35.2
-0.85 -0.8 3.17 4 -4.1 34.9
0.17 -0.6 3.79 -3 -3.5 38.3
-0.61 -0.37 3.2 -3 2.7 33.1
-0.31 2.52 3.32 3.1 -17.7 46.8
0.06 0.37 2.73 -0.1 8 29.7
0.01 1.94 3.78 -0.6 -1.5 42.9
0.27 0.57 2.94 -4.6 6.8 29.3
-0.4 -0.29 3.39 -2.8 15.1 34.2
-0.57 -0.48 3.26 0.2 5.1 29.2
-0.23 0.08 3.32 -0.6 9.9 36
0.88 0.17 3.3 -0.2 4.2 31
-0.08 -0.22 3.34 -2.4 1.7 34.4
-0.11 -0.55 3.13 -0.1 -0.1 31.9
-0.18 0.2 3.6 -2.5 -8.9 43.4
-0.29 -0.6 3.22 0.2 -0.3 32.1
0.29 -0.05 3.14 3.1 0 35.1
1.05 0.54 3.43 7.7 4.3 34.5
-0.83 0.04 3.15 -5.9 5.8 32.8
0.93 -0.86 3.3 2.1 1.2 33.8
