0.000 -0.200 3.370 0.000 -3.000 35.900
0.000 -0.200 3.370 0.000 -3.000 35.900
0.000 -0.200 3.370 0.000 -3.000 35.900
0.000 -0.200 3.370 0.000 -3.000 35.900
0.000 -0.200 3.370 0.000 -3.000 35.900
0.000 -0.200 3.370 0.000 -3.000 35.900
0.000 -0.200 3.370 0.000 -3.000 35.900
0.000 -0.200 3.370 0.000 -3.000 35.900
0.000 -0.200 3.370 0.000 -3.000 35.900
0.000 -0.200 3.370 0.000 -3.000 35.900
0.000 -0.200 3.370 0.000 -3.000 35.900
0.000 -0.200 3.370 0.000 -3.000 35.900
0.000 -0.200 3.370 0.000 -3.000 35.900
0.000 -0.200 3.370 0.000 -3.000 35.900
0.000 -0.200 3.370 0.000 -3.000 35.900
0.000 -0.200 3.370 0.000 -3.000 35.900
0.000 -0.200 3.370 0.000 -3.000 35.900
0.000 -0.200 3.370 0.000 -3.000 35.900
0.000 -0.200 3.370 0.000 -3.000 35.900
0.000 -0.200 3.370 0.000 -3.000 35.900
0.000 -0.200 3.370 0.000 -3.000 35.900
0.000 -0.200 3.370 0.000 -3.000 35.900
0.000 -0.200 3.370 0.000 -3.000 35.900
0.000 -0.200 3.370 0.000 -3.000 35.900
0.000 -0.200 3.370 0.000 -3.000 35.900
0.000 -0.200 3.370 0.000 -3.000 35.900
0.000 -0.200 3.370 0.000 -3.000 35.900
0.000 -0.200 3.370 0.000 -3.000 35.900
0.000 -0.200 3.370 0.000 -3.000 35.900
0.000 -0.200 3.370 0.000 -3.000 35.900
-0.877 -0.200 3.489 0.000 -3.000 35.900
0.000 -0.200 3.370 0.000 -3.000 35.900
0.000 -0.200 3.370 0.000 -3.000 35.900
0.000 -0.200 3.370 0.000 -3.000 35.900
0.000 -0.200 3.370 0.000 -3.000 35.900
0.000 -0.200 3.370 0.000 -3.000 35.900
0.000 -0.200 3.370 0.000 -3.000 35.900
0.000 -0.200 3.370 0.000 -3.000 35.900
0.000 -0.200 3.370 0.000 -3.000 35.900
0.000 -0.200 3.370 0.000 -3.000 35.900
0.000 -0.200 3.370 0.000 -3.000 35.900
0.000 -0.200 3.370 0.000 -3.000 35.900
0.000 -0.200 3.370 0.000 -3.000 35.900
0.000 -0.200 3.370 0.000 -3.000 35.900
-0.701 -0.200 3.210 0.000 -3.000 35.900
0.000 -0.200 3.370 0.000 -3.000 35.900
0.000 -0.200 3.370 0.000 -3.000 35.900
0.000 -0.200 3.370 0.000 -3.000 35.900
0.000 -0.200 3.370 -6.779 5.743 35.900
0.000 -0.200 3.370 -2.551 -9.213 35.900
0.000 -0.200 3.370 0.000 -3.000 35.900
0.000 -0.200 3.370 0.000 -3.000 35.900
0.000 -0.200 3.370 0.000 -3.000 35.900
0.000 -0.200 3.370 0.000 -3.000 35.900
0.000 -0.200 3.370 0.000 -3.000 35.900
0.000 -0.200 3.370 0.000 -3.000 35.900
0.000 -0.200 3.370 0.000 -3.000 35.900
0.000 -0.200 3.370 0.000 -3.000 35.900
0.000 -0.200 3.370 0.000 -3.000 35.900
0.000 -0.200 3.370 0.000 -3.000 35.900
0.000 -0.200 3.370 0.000 -3.000 35.900
0.000 -0.200 3.370 0.000 -3.000 35.900
0.000 -0.200 3.370 0.000 -3.000 35.900
0.000 -0.200 3.370 0.000 -3.000 35.900
0.000 -0.200 3.370 0.000 -3.000 35.900
0.000 -0.200 3.370 -1.415 -3.000 30.794
0.000 -0.200 3.370 0.000 -3.000 35.900
0.000 -0.200 3.370 0.000 -3.000 35.900
0.000 -0.200 3.370 0.000 -3.000 35.900
-0.383 -0.200 3.370 0.000 -3.000 35.900
0.000 -0.200 3.601 0.000 -7.324 35.900
0.000 -0.200 3.370 0.000 -3.000 35.900
0.046 0.191 3.370 0.000 -5.519 35.900
0.000 -0.200 3.370 0.000 -3.000 35.900
0.000 -0.200 3.370 0.000 -3.000 35.900
0.000 -0.200 3.370 0.000 -3.000 35.900
0.000 -0.200 3.370 0.000 -3.000 35.900
0.000 -0.200 3.370 0.000 -3.000 35.900
0.000 -0.200 3.370 0.000 -3.000 35.900
0.000 -0.200 3.370 0.000 -3.000 35.900
0.000 -0.200 3.370 0.000 -3.000 35.900
0.000 -0.200 3.370 0.000 -3.000 35.900
0.000 -0.200 3.370 0.000 -3.000 35.900
0.000 -0.200 3.370 0.000 -3.000 35.900
0.000 -0.200 3.370 0.000 -3.000 35.900
0.000 -0.735 3.370 0.000 -3.000 35.900
0.000 -0.200 3.370 0.000 -3.000 35.900
0.000 -0.200 3.370 0.000 -3.000 35.900
-0.859 -0.200 3.370 0.000 -3.000 35.900
0.000 -0.200 3.370 0.000 -3.000 35.900
0.000 -0.200 3.370 0.000 -3.000 35.900
0.000 -0.799 3.079 0.000 -3.000 35.900
0.000 -0.200 3.370 0.000 -3.000 35.900
0.000 -0.200 3.370 0.000 -3.000 35.900
0.000 -0.200 3.370 0.000 -3.000 35.900
0.000 -0.200 3.370 0.000 -3.000 35.900
0.000 -0.200 3.370 0.000 -3.000 35.900
0.000 -0.200 3.370 0.000 -3.000 35.900
0.000 -0.200 3.370 0.000 -3.000 35.900
0.000 -0.200 3.370 0.000 -3.000 35.900
0.000 -0.200 3.370 0.000 -3.000 35.900
0.000 -0.200 3.370 0.000 -3.000 35.900
0.000 -0.200 3.370 0.000 -3.000 35.900
0.000 -0.200 3.370 0.000 -3.000 35.900
0.000 -0.200 3.370 0.000 -3.000 35.900
0.000 -0.200 3.314 0.000 -3.000 35.900
0.000 -0.200 3.370 0.000 -3.000 35.900
0.000 -0.200 3.370 0.000 -3.000 35.900
0.000 -0.200 3.370 0.000 -3.000 35.900
0.000 -0.200 3.370 0.000 -3.000 35.900
0.000 -0.200 3.370 0.000 -3.000 35.900
0.000 -0.200 3.370 5.207 0.616 35.900
0.000 -0.200 3.370 0.000 -3.000 35.900
0.000 -0.200 3.370 0.000 -3.000 35.900
0.000 -0.200 3.370 0.000 -3.000 35.900
0.000 -0.200 3.370 0.000 -3.000 35.900
0.000 -0.200 3.370 0.000 -3.000 35.900
0.000 -0.200 3.370 0.000 -3.000 35.900
0.000 -0.200 3.370 0.000 -3.000 35.874
0.000 -0.200 3.370 0.000 -3.000 35.900
0.000 -0.200 3.370 0.000 -3.000 35.900
0.000 -0.200 3.370 0.000 -3.000 35.900
0.000 -0.200 3.370 0.000 -3.000 35.900
0.000 -0.200 3.370 0.000 -3.000 35.900
0.000 -0.200 3.370 0.000 -3.000 35.900
0.000 -0.200 3.370 0.000 -3.000 35.900
0.000 -0.200 3.370 0.000 -3.000 35.900
0.000 -0.200 3.370 0.000 -3.000 35.900
0.000 -0.200 3.370 0.000 -3.000 35.900
0.000 -0.200 3.370 0.000 -3.000 35.900
0.000 -0.200 3.370 0.000 -3.000 35.900
0.000 -0.200 3.370 0.000 -3.000 35.900
0.000 -0.200 3.370 0.000 -3.000 35.900
0.000 -0.200 3.370 0.000 -3.000 35.900
0.000 -0.200 3.370 0.033 -3.000 35.900
0.000 -0.200 3.370 0.000 -3.000 35.900
0.000 -0.200 3.370 0.000 -3.000 35.900
0.000 -0.200 3.370 0.000 -3.000 35.900
0.000 -0.200 3.370 0.000 -3.000 35.900
0.000 -0.200 3.370 0.000 -3.000 35.900
0.000 -0.200 3.370 0.000 -3.000 35.900
0.000 -0.200 3.370 0.000 -3.000 35.900
0.000 -0.200 3.370 0.000 -3.000 35.900
0.000 -0.200 3.370 0.000 -0.412 35.900
0.000 -0.200 3.370 0.000 -3.000 35.900
0.000 -0.200 3.370 0.000 -3.000 35.900
0.000 -0.200 3.370 0.000 -3.000 35.900
0.000 -0.200 3.370 0.000 -3.000 35.900
0.000 -0.200 3.370 0.000 -3.000 35.900
0.000 -0.200 3.370 0.000 -3.000 35.900
0.000 -0.200 3.370 0.000 -3.000 35.900
0.000 -0.200 3.370 0.000 -3.000 35.900
0.000 -0.256 3.370 0.000 -3.000 35.900
0.000 -0.200 3.370 0.000 -3.000 35.900
0.000 -0.200 3.370 0.000 -3.000 35.900
-0.146 -0.200 3.651 -0.034 -3.000 35.900
0.000 -0.200 3.370 0.000 -3.000 35.900
0.000 -0.200 3.370 0.000 -3.000 35.900
0.000 -0.200 3.370 0.000 -3.000 35.900
0.000 -0.200 3.370 0.000 -3.000 35.900
0.000 -0.526 3.147 0.000 -3.000 35.900
0.000 -0.200 3.370 0.000 -3.000 35.900
0.000 -0.200 3.370 0.000 -3.000 35.900
0.000 -0.200 3.370 0.000 -3.000 35.900
0.000 -0.200 3.370 0.000 -3.000 35.900
0.000 -0.200 3.370 0.000 -3.000 35.900
0.000 -0.200 3.370 0.000 -3.000 35.900
0.000 -0.200 3.370 0.000 -3.000 35.900
0.000 -0.200 3.370 0.000 -3.000 35.900
-0.447 -0.938 3.613 0.000 -3.000 35.900
0.000 -0.200 3.370 0.000 -3.000 35.900
0.000 -0.200 3.370 0.000 -3.000 35.900
0.000 -0.200 3.370 0.000 -3.000 35.900
0.000 -0.200 3.370 0.000 -3.000 35.900
0.000 -0.200 3.370 0.000 -3.000 35.900
0.000 -0.200 3.370 0.000 -3.000 35.900
0.000 -0.200 3.370 0.000 -3.000 35.900
0.000 -0.200 3.370 0.000 -3.000 35.900
0.000 -0.200 3.533 0.000 -3.000 35.900
0.000 -0.200 3.370 0.000 -3.000 35.900
0.000 -0.200 3.370 0.000 -3.000 35.900
0.000 -0.200 3.370 0.000 -3.000 35.900
0.000 -0.200 3.370 0.000 -3.000 35.900
0.000 -0.200 3.370 0.000 -3.000 35.900
0.000 -0.200 3.370 0.000 -3.000 35.900
0.000 -0.200 3.370 0.000 -3.000 35.900
0.000 -0.200 3.370 0.000 -3.000 35.900
0.000 -0.200 3.370 0.000 -3.000 35.900
0.000 -0.200 3.370 0.000 -3.000 35.900
0.000 -0.200 3.370 0.000 -3.000 35.900
0.000 -0.200 3.370 0.000 -3.000 35.900
0.000 -0.200 3.370 0.000 -3.000 35.900
0.000 -0.200 3.370 0.000 -3.000 35.900
0.000 -0.200 3.370 0.000 -3.000 35.900
0.000 -0.200 3.370 0.000 -3.000 35.900
0.000 -0.200 3.370 0.000 -3.000 35.900
0.000 -0.200 3.370 0.000 -3.000 35.900
0.000 -0.200 3.370 0.000 -3.000 35.900
0.000 -0.200 3.370 0.000 -3.000 35.900
0.000 -0.200 3.370 0.000 -3.000 35.900
0.000 -0.200 3.370 0.000 -3.000 35.900
0.000 -0.200 3.370 0.000 -3.000 35.900
0.000 -0.200 3.370 0.000 -3.000 35.900
0.000 -0.200 3.370 0.000 -3.000 35.900
0.000 -0.200 3.370 0.000 -3.000 35.900
0.000 -0.200 3.370 0.000 -3.000 35.900
0.000 -0.200 3.370 0.000 -3.000 35.900
0.000 -0.200 3.370 0.000 -3.000 35.900
0.000 -0.200 3.370 0.000 -3.000 35.900
0.000 -0.200 3.370 0.000 -3.000 35.900
0.000 -0.200 3.370 0.000 -3.000 35.900
0.000 -0.200 3.370 0.000 -3.000 35.900
0.000 -0.200 3.370 0.000 -3.000 35.900
0.000 -0.200 3.370 0.000 -3.000 35.900
0.000 -0.200 3.370 0.000 -3.000 35.900
0.000 -0.200 3.370 0.000 -3.000 35.900
0.000 -0.200 3.370 0.000 -3.000 32.219
0.000 -0.200 3.370 0.000 -3.000 35.900
0.000 -0.200 3.370 0.000 -3.000 35.900
0.000 -0.200 3.370 0.000 -3.000 35.900
0.000 -0.200 3.370 0.000 -3.000 35.900
0.000 -0.200 3.370 0.000 -3.000 35.900
0.000 -0.200 3.370 0.000 -3.000 35.900
0.000 -0.200 3.370 0.000 -3.000 35.900
0.000 -0.200 3.370 0.000 -3.000 35.900
0.000 -0.200 3.370 0.000 -3.000 35.900
0.000 -0.200 3.588 -3.303 -5.594 35.900
0.000 -0.200 3.370 0.000 -3.000 35.900
0.000 -0.200 3.370 0.000 -3.000 35.900
0.000 -0.110 3.495 0.000 -3.000 35.900
0.000 -0.200 3.370 0.000 -3.000 35.900
0.000 -0.200 3.370 0.000 -3.000 35.900
0.000 -0.200 3.370 0.000 -3.000 35.900
0.000 -0.200 3.370 0.000 -3.000 35.900
0.000 -0.671 3.370 2.344 -3.000 35.900
0.000 -0.200 3.370 0.000 -7.893 35.900
-0.369 -0.200 3.370 0.000 -2.392 35.900
0.000 -0.200 3.370 0.000 -3.000 35.900
0.000 -0.406 3.620 0.000 -3.000 34.200
0.000 -0.200 3.370 0.000 -3.000 35.900
0.000 -0.200 3.370 0.000 -3.000 35.900
0.000 -0.200 3.370 0.000 -3.000 35.900
0.000 -0.200 3.370 0.000 -3.000 35.900
0.000 -0.200 3.370 0.000 -3.000 35.900
0.000 -0.200 3.370 0.000 -3.000 35.900
0.000 -0.200 3.370 0.000 -3.000 35.900
0.000 -0.200 3.370 0.000 -3.000 35.900
0.000 -0.200 3.370 0.000 -3.000 35.900
0.000 -0.200 3.370 0.000 -3.000 35.900
0.000 -0.200 3.370 0.000 -3.000 35.900
0.000 -0.200 3.370 0.000 -3.000 35.900
0.000 -0.200 3.370 0.000 -3.000 35.900
0.000 -0.200 3.370 0.000 -3.000 35.900
0.000 -0.200 3.370 0.000 -3.000 35.900
0.000 -0.200 3.370 0.000 -3.000 35.900
0.000 -0.200 3.370 0.000 -3.000 35.900
0.000 -0.200 3.370 0.000 -3.000 35.900
0.000 -0.200 3.370 0.000 -3.000 35.900
0.000 -0.200 3.370 0.000 -3.000 35.900
0.000 -0.200 3.370 0.000 -3.000 35.900
0.000 -0.200 3.370 0.000 -3.000 35.900
0.000 -0.200 3.370 0.000 -3.000 35.900
0.000 -0.200 3.370 0.000 -3.000 35.900
-0.365 -0.347 3.370 0.000 -3.000 35.900
0.000 -0.200 3.370 0.000 -3.000 35.900
0.000 -0.200 3.370 0.000 -3.000 35.900
0.000 -0.200 3.370 0.000 -3.000 35.900
-0.289 -0.783 3.370 0.000 -4.726 38.063
0.000 -0.200 3.370 0.000 -3.000 35.900
0.000 -0.200 3.370 0.000 -3.000 35.900
0.000 -0.200 3.370 0.000 -3.000 35.900
0.000 -0.200 3.370 0.000 -3.000 35.900
0.000 -0.200 3.370 0.000 -3.000 35.900
0.000 -0.200 3.370 0.000 -3.000 35.900
0.000 -0.200 3.370 0.000 -3.000 35.900
0.000 -0.200 3.370 0.000 -3.000 35.900
0.000 -0.200 3.370 0.000 -3.000 35.900
0.000 -0.200 3.370 0.000 -3.000 35.900
0.000 -0.200 3.370 0.000 -3.000 35.900
0.000 -0.200 3.370 0.000 -3.000 35.900
0.000 -0.200 3.370 0.000 -3.000 35.900
0.000 -0.200 3.370 0.000 -3.000 35.900
0.000 -0.200 3.370 0.000 -3.000 35.900
0.000 -0.200 3.370 0.000 -3.000 35.900
0.000 -0.200 3.370 0.000 -3.000 35.900
0.000 -0.200 3.370 0.000 -3.000 35.900
0.000 -0.200 3.370 0.000 -3.000 35.900
0.000 -0.200 3.370 0.000 -3.000 35.900
0.000 -0.200 3.370 0.000 -3.000 35.900
0.000 -0.200 3.370 0.000 -3.000 35.900
0.000 -0.200 3.370 0.000 -3.000 35.900
0.000 0.379 3.178 0.000 -2.359 35.900
0.000 -0.200 3.370 0.000 -3.000 35.900
0.000 -0.200 3.370 0.000 -3.000 35.900
-1.387 -0.200 3.064 0.000 -3.000 35.900
0.000 -0.200 3.370 0.000 -3.000 35.900
0.000 -0.200 3.370 0.000 -3.000 35.900
0.000 -0.200 3.370 0.000 -3.000 35.900
0.000 -0.200 3.370 0.000 -3.000 35.900
0.000 -0.200 3.370 0.000 -3.000 35.900
0.000 -0.200 3.370 0.000 -3.000 35.900
0.000 -0.200 3.370 0.000 -3.000 35.900
0.000 -0.200 3.370 0.000 -3.000 35.900
0.000 -0.200 3.370 0.000 -3.000 35.900
0.000 -0.200 3.370 0.000 -3.000 35.900
0.000 -0.200 3.370 0.000 -3.000 35.900
0.000 -0.200 3.370 0.000 -3.000 35.900
0.000 -0.200 3.370 0.000 -3.000 35.900
0.000 -0.200 3.370 0.000 -3.000 35.900
0.000 -0.200 3.370 0.000 -3.000 35.900
0.000 -0.200 3.370 0.000 -3.000 35.900
0.000 -0.200 3.370 0.000 -3.000 35.900
0.000 -0.200 3.370 0.000 -3.000 35.900
0.000 -0.200 3.370 0.000 -3.000 35.900
0.000 -0.200 3.370 0.000 -3.000 35.900
0.000 -0.200 3.370 0.000 -3.000 35.900
0.000 -0.200 3.370 0.000 -3.000 35.900
0.000 -0.200 3.370 0.000 -3.000 35.900
0.000 -0.172 3.370 0.000 -3.000 35.900
0.000 -0.200 3.370 0.000 -3.000 35.900
0.291 0.134 3.370 0.000 -3.000 35.900
0.000 -0.200 3.370 0.000 -3.000 35.900
0.000 -0.200 3.370 0.000 -3.000 35.900
0.000 -0.200 3.370 0.000 -3.000 35.900
0.000 -0.200 3.383 0.000 -3.000 35.900
0.000 -0.200 3.370 0.000 -3.000 35.900
-0.708 0.106 3.370 -1.285 -3.000 35.900
0.000 -0.200 3.370 0.000 -3.000 35.900
0.000 -0.200 3.370 0.000 -3.000 35.900
0.000 -0.200 3.370 0.000 -3.000 35.900
0.000 -0.200 3.370 0.000 -3.000 35.900
0.000 -0.200 3.370 0.000 -3.000 35.900
0.000 -0.200 3.370 0.000 -3.000 35.900
0.000 -0.200 3.370 0.000 -3.000 35.900
0.000 -0.200 3.370 0.000 -3.000 35.900
0.000 -0.200 3.370 0.000 -3.000 35.900
0.000 -0.200 3.370 0.000 -3.000 35.900
0.000 -0.200 3.370 0.000 -3.000 35.900
0.000 -0.200 3.370 0.000 -3.000 35.900
0.000 -0.200 3.370 0.000 -3.000 35.900
0.000 -0.200 3.370 0.000 -3.000 35.900
0.000 -0.200 3.370 0.000 -3.000 35.900
0.000 -0.200 3.370 0.000 -3.000 35.900
0.000 -0.200 3.370 0.000 -3.000 35.900
0.000 -0.200 3.370 0.000 -3.000 35.900
0.000 -0.200 3.488 0.000 -7.073 35.900
0.000 -0.200 3.370 0.000 -3.000 35.900
0.000 -0.200 3.370 0.000 -3.000 36.094
0.000 -0.200 3.370 0.000 -3.000 35.900
0.000 -0.200 3.370 0.000 -3.000 35.900
0.000 -0.200 3.370 0.000 -3.000 35.900
0.000 -0.200 3.370 0.000 -3.000 35.900
0.000 -0.200 3.370 0.000 -3.000 35.900
0.000 -0.200 3.370 0.000 -3.000 35.900
0.000 -0.200 3.370 0.000 -3.000 35.900
0.000 -0.200 3.370 0.000 -3.000 35.900
0.000 -0.200 3.370 0.000 -3.000 35.900
0.000 -0.200 3.370 0.000 -3.000 35.900
0.000 -0.200 3.370 0.000 -3.000 35.900
0.000 -0.200 3.370 0.000 -3.000 35.900
0.000 -0.200 3.370 0.000 -3.000 35.900
0.000 -0.200 3.370 0.000 -3.000 35.900
0.000 -0.200 3.370 0.000 -3.000 35.900
0.000 -0.200 3.370 0.000 -3.000 35.900
0.000 -0.200 3.370 0.000 -3.000 35.900
0.000 -0.200 3.370 0.000 -3.000 35.900
0.000 -0.200 3.370 0.000 -3.000 35.900
0.000 -0.200 3.370 0.000 -3.000 35.900
0.000 -0.200 3.370 0.000 -3.000 35.900
0.000 -0.200 3.370 0.000 -3.000 35.900
0.000 -0.200 3.370 0.000 -3.000 35.900
0.000 -0.200 3.370 0.000 -3.000 35.900
0.000 -0.200 3.370 0.000 -3.000 35.900
0.000 -0.200 3.370 0.000 -3.000 35.900
0.000 -0.200 3.370 0.000 -3.000 35.900
0.000 -0.200 3.370 0.000 -3.000 35.900
0.000 -0.200 3.370 0.000 -3.000 35.900
0.000 -0.200 3.370 0.000 -3.000 35.900
0.000 -0.200 3.370 0.000 -3.000 35.900
0.000 -0.200 3.370 0.000 -3.000 35.900
0.000 -0.200 3.370 0.000 -3.000 35.900
0.000 -0.200 3.370 0.000 -3.000 35.900
0.000 -0.200 3.370 0.000 -3.000 35.900
0.000 -0.200 3.370 0.000 -3.000 35.900
0.618 -0.040 3.370 0.000 -3.000 35.900
0.000 -0.200 3.370 0.000 -3.000 35.900
0.000 -0.200 3.370 0.000 -3.000 35.900
0.000 -0.200 3.370 -3.899 -3.000 35.900
0.000 -0.200 3.370 -3.084 -3.000 35.900
0.000 -0.200 3.370 0.000 -3.000 35.900
0.000 -0.200 3.370 0.000 -3.000 35.900
0.000 -0.200 3.370 0.000 -3.000 35.900
0.000 -0.200 3.370 0.000 -3.000 35.900
0.000 -0.200 3.370 0.000 -3.000 35.900
0.000 -0.200 3.357 0.000 -3.000 35.900
0.000 -0.200 3.370 0.000 -3.000 35.900
0.000 -0.200 3.370 0.000 -3.000 35.900
0.000 -0.200 3.370 0.000 -3.000 35.900
0.000 -0.200 3.370 0.000 -3.000 35.900
0.000 -0.200 3.370 0.000 -3.000 35.900
0.000 -0.200 3.370 0.000 -3.000 35.900
-0.760 -0.200 3.370 0.000 -3.000 35.900
0.000 -0.200 3.370 0.000 -3.000 35.900
0.000 -0.200 3.370 0.000 -3.000 35.900
0.000 -0.200 3.370 0.000 -3.000 35.900
0.000 -0.200 3.370 0.000 -3.000 35.900
0.000 -0.200 3.370 0.000 -3.000 35.900
0.000 -0.200 3.370 0.000 -3.000 35.900
0.000 -0.200 3.370 0.000 -3.000 35.900
0.000 -0.200 3.370 0.000 -3.000 35.900
0.000 -0.200 3.370 0.000 -3.000 35.900
0.000 -0.200 3.370 0.000 -3.000 35.900
0.000 -0.200 3.370 0.000 -3.000 35.900
0.000 -0.200 3.370 0.000 -3.000 35.900
0.000 -0.200 3.370 0.000 -3.000 35.900
-1.027 -0.200 3.370 0.000 -3.000 35.900
0.000 -0.200 3.758 -4.938 -3.000 35.900
0.000 -0.200 3.370 0.000 -3.000 35.900
0.000 -0.200 3.370 0.000 -3.000 35.900
0.000 -0.200 3.370 0.000 -3.000 35.900
0.000 -0.200 3.370 0.000 -3.000 35.900
0.000 -0.200 3.370 0.000 -3.000 35.900
0.000 -0.200 3.370 0.000 -3.000 35.900
0.000 -0.200 3.370 0.000 -3.000 35.900
0.000 -0.200 3.370 0.000 -3.000 35.900
0.000 -0.200 3.370 0.000 -3.000 35.900
0.000 -0.200 3.370 0.000 -3.000 35.900
0.000 -0.200 3.370 0.000 -3.000 35.900
0.000 -0.200 3.370 0.000 -3.000 35.900
0.000 -0.200 3.370 0.000 -3.000 35.900
0.000 -0.200 3.370 0.000 -3.000 35.900
0.000 -0.200 3.370 0.000 -3.000 35.900
0.000 -0.390 3.199 0.000 -3.000 37.048
0.000 -0.200 3.370 0.000 -3.000 35.900
0.000 -0.897 3.370 -0.214 -6.363 35.900
0.000 -0.200 3.370 0.000 -3.000 35.900
0.000 -0.200 3.370 0.000 -3.000 35.900
0.000 -0.200 3.370 0.000 -3.000 35.900
0.000 -0.200 3.370 0.000 -3.000 35.900
0.000 -0.200 3.370 0.000 -3.000 35.900
0.000 -0.200 3.370 0.000 -3.000 35.900
0.000 -0.200 3.370 0.000 -3.000 35.900
0.000 -0.200 3.370 0.000 -3.000 35.900
0.000 -0.200 3.370 0.000 -3.000 35.900
0.000 -0.200 3.370 0.000 -3.000 35.900
0.000 -0.200 3.370 0.000 -3.000 35.900
0.000 -0.200 3.370 0.000 -3.000 35.900
0.000 -0.200 3.370 0.000 -3.000 35.900
0.000 -0.200 3.370 0.000 -3.000 35.900
0.000 -0.200 3.370 0.000 -3.000 35.900
0.000 -0.200 3.370 0.000 -3.000 35.900
0.000 -0.200 3.370 0.000 -3.000 35.900
0.000 -0.200 3.370 0.000 -3.000 35.900
0.000 -0.200 3.370 0.000 -3.000 35.900
0.000 -0.200 3.370 0.000 -3.000 35.900
0.000 -0.200 3.370 0.000 -3.000 35.900
0.000 -0.200 3.370 0.000 -3.000 35.900
0.000 -0.200 3.370 0.000 -3.000 35.900
0.000 -0.200 3.475 0.000 -3.000 35.900
0.000 -0.200 3.370 0.000 -3.000 35.900
-0.710 -0.338 3.589 0.000 -7.047 35.900
0.000 -0.200 3.370 0.000 -3.000 35.900
0.000 -0.200 3.370 0.000 -3.000 35.900
0.000 -0.200 3.370 0.000 -3.000 35.900
0.000 -0.200 3.370 0.000 -3.000 35.900
0.000 -0.200 3.370 0.000 -3.000 35.900
0.000 -0.200 3.370 0.000 -3.000 35.900
0.000 -0.200 3.370 0.000 -3.000 35.900
0.000 -0.200 3.370 0.000 -3.000 35.900
0.000 -0.200 3.037 0.000 -3.000 35.900
0.000 -0.200 3.370 0.000 -3.000 35.900
0.000 -0.200 3.370 0.000 -3.000 35.900
0.000 -0.200 3.370 0.000 -3.000 35.900
0.000 -0.200 3.370 0.000 -3.000 35.900
0.000 -0.200 3.370 0.000 -3.000 35.900
0.000 -0.200 3.370 0.000 -3.000 35.900
0.000 -0.200 3.370 0.000 -3.000 35.900
0.000 -0.200 3.370 0.000 -3.000 35.900
0.000 -0.200 3.370 0.000 -3.000 35.900
0.000 -0.200 3.370 0.000 -3.000 35.900
0.000 -0.200 3.370 0.000 -3.000 35.900
0.000 -0.200 3.370 0.000 -3.000 35.900
0.000 -0.200 3.370 0.000 -3.000 35.900
0.751 -0.200 3.370 -1.834 -3.000 35.900
0.000 -0.200 3.370 0.000 -3.000 35.900
0.000 -0.200 3.370 0.000 -3.000 35.900
0.000 -0.200 3.370 0.000 -3.000 35.900
0.000 -0.200 3.370 0.000 -3.000 35.900
0.000 -0.200 3.156 0.000 -7.627 35.900
0.000 -0.200 3.370 0.000 -3.000 35.900
0.000 -0.200 3.370 0.000 -3.000 35.900
0.000 -0.200 3.370 0.000 -3.000 35.900
0.000 -0.200 3.370 0.000 -3.000 35.900
0.000 -0.200 3.370 0.000 -3.000 35.900
0.000 -0.200 3.370 0.000 -3.000 35.900
0.000 -0.200 3.370 0.000 -3.000 35.900
0.000 -0.200 3.370 0.000 -3.000 35.900
0.000 -0.200 3.370 0.000 -3.000 35.900
0.000 -0.200 3.370 0.000 -3.000 35.900
0.132 -0.200 3.370 0.000 -3.000 35.900
0.000 -0.200 3.370 0.000 -3.000 35.900
0.000 -0.200 3.370 0.000 -3.000 35.900
0.000 -0.436 3.370 0.000 -3.000 35.900
0.000 -0.200 3.370 0.000 -3.000 35.900
0.000 -0.200 3.370 0.000 -3.000 35.900
0.000 -0.200 3.370 0.000 -3.000 35.900
0.000 -0.200 3.370 0.000 -3.000 35.900
0.000 -0.200 3.370 0.000 -3.000 35.900
0.000 -0.200 3.370 0.000 -3.000 35.900
0.000 -0.200 3.370 0.000 -3.000 35.900
0.000 -0.200 3.370 0.000 -3.000 35.900
0.000 -0.200 3.370 0.000 -3.000 35.900
0.000 -0.200 3.370 0.000 -3.000 35.900
0.000 -0.200 3.370 0.000 -3.000 35.900
0.000 -0.200 3.370 0.000 -3.000 35.900
0.000 -0.200 3.370 0.000 -3.000 35.900
0.000 -0.200 3.370 0.000 -3.000 35.900
0.000 -0.200 3.370 0.000 -3.000 35.900
0.000 -0.200 3.370 0.000 -3.000 35.900
0.000 -0.200 3.370 0.000 -3.000 35.900
0.000 -0.200 3.370 0.000 -3.000 35.900
0.000 -0.200 3.370 0.000 -3.000 35.900
0.000 -0.200 3.370 0.000 -3.000 35.900
0.000 -0.200 3.370 0.000 -3.000 35.900
0.000 -0.200 3.370 0.000 -3.000 35.900
0.000 -0.200 3.370 0.000 -3.000 35.900
0.000 -0.200 3.370 0.000 -3.000 35.900
0.000 -0.200 3.370 0.000 -3.000 35.900
0.000 -0.200 3.370 0.000 -3.000 35.900
0.000 -0.200 3.370 0.000 -3.000 35.900
0.000 -0.200 3.370 0.000 -3.000 35.900
0.000 -0.200 3.370 0.000 -3.000 35.900
0.000 -0.200 3.370 0.000 -3.000 35.900
0.000 -0.200 3.370 0.000 -3.000 35.900
0.000 -0.200 3.370 0.000 -3.000 35.900
0.000 -0.200 3.370 0.000 -3.000 35.900
0.000 -0.200 3.370 0.000 -3.000 35.900
0.000 -0.200 3.370 0.000 -3.000 35.900
0.000 -0.200 3.370 0.000 -3.000 35.900
0.000 -0.200 3.370 0.000 -3.000 35.900
0.397 -0.200 3.370 0.000 -3.000 35.900
0.000 -0.200 3.370 0.000 -3.000 35.900
0.000 -0.200 3.370 0.000 -3.000 35.900
0.000 -0.200 3.370 0.000 -3.000 35.900
0.000 -0.200 3.370 0.000 -3.000 35.900
0.000 -0.200 3.370 0.000 -3.000 35.900
0.000 -0.200 3.370 0.000 -3.000 35.900
0.000 -0.200 3.370 0.000 -3.000 35.900
0.000 -0.200 3.375 -1.780 -3.000 35.900
0.000 -0.200 3.370 0.000 -3.000 35.900
0.000 -0.200 3.370 0.000 -3.000 35.900
0.000 -0.200 3.370 0.000 -3.000 35.900
0.000 -0.200 3.370 0.000 -3.000 35.900
0.000 -0.200 3.370 0.000 -3.000 35.900
0.000 -0.200 3.370 0.000 -3.000 35.900
0.000 -0.200 3.370 0.000 -3.000 35.900
0.000 -0.200 3.370 0.000 -3.000 35.900
0.000 -0.200 3.370 0.000 -3.000 35.900
0.000 -0.200 3.370 0.000 -3.000 35.900
-0.524 -0.200 2.993 0.000 -3.000 35.900
0.000 -0.200 3.370 0.000 -3.000 35.900
0.000 -0.200 3.370 0.000 -3.000 35.900
0.000 -0.200 3.370 0.000 -3.000 35.900
0.000 -0.200 3.370 0.000 -3.000 35.900
0.000 -0.200 3.370 0.000 -3.000 35.900
0.000 -0.200 3.370 0.000 -3.000 35.900
0.000 -0.200 3.370 0.000 -3.000 35.900
0.000 -0.200 3.370 0.000 -3.000 35.900
0.000 -0.200 3.370 0.000 -3.000 35.900
0.000 -0.200 3.370 0.000 -3.000 35.900
0.000 -0.200 3.370 0.000 -3.000 35.900
0.000 -0.200 3.370 0.000 -3.000 35.900
0.000 -0.200 3.370 0.000 -3.000 35.900
0.000 -0.200 3.370 0.000 -3.000 35.900
0.000 -0.200 3.370 0.000 -3.000 35.900
0.000 -0.200 3.370 0.000 -3.000 35.900
0.000 -0.200 3.370 0.000 -3.000 35.900
0.000 -0.200 3.370 0.000 -3.000 35.900
0.000 -0.200 3.370 0.000 -3.000 35.900
0.000 -0.200 3.370 0.000 -3.000 35.900
0.000 -0.200 3.370 0.000 -3.000 35.900
0.000 -0.200 3.370 0.000 -3.000 35.900
0.000 -0.200 3.370 0.000 -3.000 35.900
0.000 -0.200 3.370 0.000 -3.000 35.900
0.000 -0.200 3.370 0.000 -3.000 35.900
0.000 -0.200 3.370 0.000 -3.000 35.900
0.000 -0.200 3.370 0.000 -3.000 35.900
0.000 -0.200 3.370 0.000 -3.000 35.900
0.000 -0.200 3.370 0.000 -3.000 35.900
0.000 -0.200 3.370 0.000 -3.000 35.900
0.000 -0.200 3.370 0.000 -3.000 35.900
0.000 -0.200 3.370 0.000 -1.178 35.900
0.000 -0.200 3.370 0.000 -3.000 35.900
0.000 -0.200 3.370 0.000 -3.000 35.900
0.000 -0.200 3.370 0.000 -3.000 35.900
0.000 -0.200 3.370 0.000 -3.000 35.900
0.000 -0.200 3.370 0.000 -3.000 35.900
0.000 -0.200 3.370 0.000 -3.000 34.077
0.000 -0.200 3.370 0.000 -3.000 35.900
0.000 -0.200 3.370 0.000 -3.000 35.900
0.000 -0.200 3.370 0.000 -3.000 35.900
0.000 -0.200 3.370 0.000 -3.000 35.900
-0.248 -0.282 3.370 0.000 -3.000 35.900
0.000 -0.200 3.370 0.000 -3.000 35.900
0.000 -0.200 3.370 0.000 -3.000 35.900
0.000 -0.200 3.370 0.000 -3.000 35.900
0.000 -0.245 3.370 0.000 -3.000 35.900
0.000 -0.200 3.370 0.000 -3.000 35.900
0.000 -0.200 3.370 0.000 -3.000 35.900
0.000 -0.200 3.370 0.000 -3.000 35.900
0.000 -0.200 3.370 0.000 -3.000 35.900
0.000 -0.411 3.370 0.000 -3.000 44.594
0.000 -0.124 3.370 -3.318 -6.914 35.900
0.000 -0.200 3.370 0.000 -3.000 35.900
0.000 -0.200 3.370 0.000 -3.000 35.900
0.000 -0.200 3.356 0.000 -3.000 30.187
0.000 -0.200 3.370 0.000 -3.000 35.900
0.000 -0.200 3.370 0.000 -3.000 35.900
-1.398 0.293 3.370 -0.599 -3.000 35.900
0.000 -0.200 3.370 0.000 -3.000 35.900
0.000 -0.536 3.370 0.000 -3.000 35.900
0.000 -0.200 3.370 0.000 -3.000 35.900
0.000 -0.200 3.370 0.000 -3.000 35.900
0.000 -0.200 3.370 0.000 -3.000 35.900
0.000 -0.200 3.370 0.000 -3.000 35.900
0.000 -0.200 3.370 0.000 -3.000 35.900
0.000 -0.200 3.370 0.000 -3.000 35.900
0.000 -0.200 3.370 0.000 -3.000 35.900
0.000 -0.200 3.370 0.000 -3.000 35.900
0.000 -0.200 3.370 0.000 -3.000 35.900
0.000 -0.200 3.370 0.000 -3.000 35.900
0.000 -0.200 3.370 0.000 -3.000 35.900
0.000 -0.200 3.414 0.000 -3.000 35.900
0.000 -0.200 3.370 0.000 -3.000 35.900
0.000 -0.200 3.370 -2.785 -1.557 35.900
0.000 -0.200 3.370 0.000 -3.000 35.900
0.000 -0.200 3.370 0.000 -3.000 35.900
0.000 -0.200 3.370 0.000 -3.000 35.900
0.000 -0.200 3.370 0.000 -3.000 35.900
0.000 -0.200 3.370 0.000 -3.000 35.900
0.000 -0.200 3.370 0.000 -3.000 35.900
0.000 -0.200 3.370 0.000 -3.000 35.900
-0.077 -0.621 3.655 0.000 -8.175 43.795
0.000 -0.200 3.370 0.000 -3.000 35.900
0.000 -0.200 3.370 -4.902 -2.116 35.900
0.000 -0.200 3.370 0.000 -3.000 35.900
0.000 -0.200 3.370 0.000 -3.000 35.900
0.000 -0.200 3.370 0.000 -3.000 35.900
0.000 -0.200 3.370 0.000 -3.000 35.900
0.000 -0.200 3.370 0.000 -3.000 35.900
0.000 -0.200 3.370 0.000 -3.000 35.900
0.000 -0.200 3.370 0.000 -3.000 35.900
0.000 -0.200 3.370 0.000 -3.000 35.900
0.000 -0.200 3.370 0.000 -3.000 35.900
0.000 -0.200 3.704 3.970 -3.000 35.900
0.000 -0.200 3.370 0.000 -3.000 35.900
0.000 -0.200 3.370 0.000 -3.000 35.900
0.000 -0.200 3.370 0.000 -3.000 35.900
0.000 -0.200 3.370 0.000 -3.000 35.900
0.000 -0.200 3.370 0.000 -3.000 35.900
0.000 -0.200 3.370 0.000 -3.000 35.900
0.000 -0.200 3.370 0.000 -3.000 35.900
0.000 -0.200 3.370 0.000 -3.000 35.900
0.000 -0.200 3.370 0.000 -3.000 35.900
0.000 -0.200 3.370 0.000 -3.000 35.900
0.000 -0.200 3.370 0.000 -3.000 35.900
0.000 -0.200 3.370 0.000 -3.000 33.554
0.000 -0.200 3.370 0.000 -3.000 35.900
0.000 -0.200 3.370 0.000 -3.000 35.900
0.000 -0.200 3.370 0.000 -3.000 35.900
0.000 -0.200 3.370 -2.178 -3.000 36.331
0.000 -0.200 3.370 0.000 -3.000 35.900
0.000 -0.557 3.370 0.000 -3.000 35.900
0.000 -0.200 3.370 0.000 -3.000 35.900
0.000 -0.200 3.370 0.000 -3.000 35.900
0.000 -0.200 3.370 0.000 -3.000 35.900
0.000 -0.200 3.370 0.000 -3.000 40.916
0.000 -0.200 3.370 0.000 -3.000 35.900
0.000 -0.200 3.370 0.000 -3.000 35.900
0.000 -0.200 3.370 0.000 -3.000 35.900
0.000 -0.200 3.370 0.000 0.543 35.900
0.277 -0.200 3.200 -2.166 -3.000 35.900
0.000 -0.200 3.370 0.000 -3.000 35.900
0.000 -0.200 3.370 0.000 -3.000 35.900
0.000 -0.200 3.370 0.000 -3.000 35.900
0.000 -0.200 3.370 0.000 -3.000 35.900
0.000 -0.200 3.370 0.000 -3.000 35.900
0.000 -0.200 3.370 0.000 -3.000 35.900
0.000 -0.200 3.370 0.000 -3.000 35.900
0.000 -0.200 3.370 0.000 -3.000 35.900
0.000 -0.200 3.112 0.000 -10.578 36.821
0.000 -0.200 3.370 0.000 -3.000 35.900
0.000 -0.200 3.370 0.000 -3.000 35.900
0.000 -0.200 3.370 0.000 -3.000 35.900
0.000 -0.200 3.370 0.000 -3.000 35.900
0.000 -0.200 3.370 0.000 -3.000 34.657
0.000 -0.200 3.370 0.000 -3.000 35.900
0.000 -0.200 3.370 0.000 -3.000 35.900
0.887 -0.200 3.626 0.000 -3.664 35.900
0.000 -0.200 3.370 0.000 -0.442 34.890
0.000 -0.200 3.370 0.000 -3.000 35.900
0.000 -0.200 3.370 0.000 -3.000 35.900
0.000 -0.200 3.370 0.000 -3.000 35.900
0.000 -0.200 3.370 0.000 -3.000 35.900
0.000 -0.200 3.370 0.000 -3.000 35.900
0.000 -0.200 3.370 0.000 -3.000 35.900
0.000 -0.200 3.370 0.000 -3.000 35.900
0.000 -0.200 3.370 0.000 -3.000 35.900
0.000 -0.200 3.370 0.000 -3.000 35.900
0.000 -0.200 3.370 0.000 -3.000 35.900
0.000 -0.200 3.370 0.000 -3.000 35.900
0.000 -0.200 3.370 0.000 -3.000 35.900
0.000 -0.200 3.370 0.000 -3.000 35.900
0.000 -0.200 3.370 0.000 -3.000 35.900
0.000 -0.200 3.370 0.000 -3.000 35.900
0.000 -0.200 3.370 0.000 -3.000 35.900
0.000 -0.200 3.370 0.000 -3.000 35.900
0.000 -0.200 3.370 0.000 -3.000 35.900
0.000 -0.200 3.370 0.000 -3.000 35.900
0.000 -0.200 3.370 0.000 -3.000 35.900
0.000 -0.200 3.370 -1.270 -3.653 30.631
0.000 -0.200 3.370 0.000 -3.000 35.900
0.000 -0.200 3.370 0.000 -3.000 35.900
0.000 -0.200 3.370 0.000 -3.000 35.900
0.000 -0.200 3.370 0.000 -3.000 35.900
0.000 -0.200 3.370 0.000 -3.000 35.900
0.000 -0.200 3.370 0.000 -3.000 35.900
0.000 -0.200 3.370 0.000 -3.000 35.900
0.000 -0.200 3.370 0.000 -3.000 35.900
0.000 -0.200 3.370 0.000 -3.000 35.900
0.000 -0.200 3.370 0.000 -3.000 35.900
0.000 -0.200 3.370 0.000 -3.000 35.900
0.000 -0.200 3.370 0.000 -3.000 35.900
0.000 -0.200 3.370 0.000 -3.000 35.900
0.000 -0.200 3.370 0.000 -3.000 35.900
0.000 -0.200 3.370 0.000 -3.000 35.900
0.000 -0.200 3.370 0.000 -3.000 35.900
0.000 -0.200 3.370 0.000 -3.000 35.900
0.000 -0.200 3.370 0.000 -3.000 35.900
0.000 -0.200 3.370 0.000 -3.000 35.900
0.000 -0.200 3.370 0.000 -3.000 35.900
0.000 -0.200 3.370 -2.811 -3.000 35.900
0.000 -0.200 3.370 0.000 -3.000 35.900
0.000 -0.200 3.370 0.000 -3.000 35.900
0.000 0.368 3.370 3.859 -3.000 34.304
0.000 -0.200 3.370 0.000 -3.000 35.900
0.000 -0.200 3.370 0.000 -3.000 35.900
0.000 -0.200 3.370 0.000 -3.000 35.900
0.000 -0.200 3.370 0.000 -3.000 35.900
0.000 -0.200 3.370 0.000 -3.000 35.900
0.000 -0.200 3.370 0.000 -3.000 35.900
0.000 -0.200 3.370 0.000 -3.000 35.900
0.000 -0.200 3.370 0.000 -3.000 35.900
0.000 -0.200 3.370 0.000 -3.000 35.900
0.000 -0.200 3.370 0.000 -3.000 35.900
0.000 -0.200 3.370 0.000 -3.000 35.900
0.000 -0.200 3.370 0.000 -3.000 35.900
0.000 -0.200 3.370 0.000 -3.000 35.900
0.000 -0.200 3.370 0.000 -3.000 35.900
0.000 -0.200 3.370 0.000 -3.000 35.900
-0.099 -0.200 3.574 0.000 -3.000 35.900
0.805 -0.200 3.370 -0.136 -3.000 35.900
0.000 -0.200 3.370 0.000 -3.000 35.900
0.000 -0.200 3.370 0.000 -3.000 35.900
0.000 -0.200 3.370 0.000 -3.000 35.900
0.000 -0.200 3.370 0.000 -3.000 35.900
0.000 -0.200 3.370 0.000 -3.000 35.900
0.000 -0.200 3.370 0.000 -3.000 35.900
0.000 -0.200 3.370 0.000 -3.000 35.900
0.000 -0.200 3.370 0.000 -3.000 35.900
0.000 -0.200 3.370 0.000 -3.000 35.900
0.000 -0.200 3.370 0.000 -3.000 35.900
0.000 -0.200 3.370 0.000 -3.000 35.900
0.000 -0.200 3.370 0.000 -3.000 35.900
0.000 -0.200 3.370 0.000 -3.000 35.900
0.000 -0.200 3.370 0.000 -3.000 35.900
0.000 -0.200 3.370 3.010 -4.782 38.238
0.000 -0.200 3.370 0.000 -3.000 35.900
0.000 -0.200 3.370 0.000 -3.000 35.900
0.000 -0.200 3.370 0.000 3.998 27.811
0.000 -0.200 3.275 0.000 -3.000 35.900
0.000 -0.200 3.370 0.000 -3.000 35.900
0.000 -0.200 3.370 0.000 -3.000 35.900
0.000 -0.200 3.370 0.000 -3.000 35.900
0.000 -0.200 3.370 0.000 -3.000 35.900
0.000 -0.200 3.370 0.000 -3.000 35.900
0.000 -0.200 3.370 0.000 -3.000 35.900
0.000 -0.200 3.370 0.000 -3.000 35.900
0.000 -0.200 3.370 0.000 -3.000 35.900
0.000 -0.200 3.370 0.000 -3.000 35.900
0.000 -0.200 3.370 0.000 -3.000 35.900
0.000 -0.200 3.370 0.000 -3.000 35.900
0.000 -0.200 3.370 0.000 -3.000 35.900
0.000 -0.200 3.370 0.000 -3.000 35.900
0.000 -0.200 3.370 0.000 -3.000 35.900
0.000 -0.200 3.186 0.000 2.254 35.900
0.000 -0.200 3.370 0.000 -3.000 35.900
0.000 -0.200 3.370 0.000 -3.000 35.900
0.000 -0.200 3.370 0.000 -3.000 35.900
0.000 -0.200 3.370 0.000 -3.000 35.900
0.000 -0.200 3.370 0.000 -3.000 35.900
0.000 -0.200 3.370 0.000 -3.000 35.900
0.000 -0.200 3.370 0.000 -3.000 35.900
0.000 -0.200 3.370 0.000 -3.000 35.900
0.000 -0.200 3.370 0.000 -3.000 35.900
0.000 -0.200 3.370 0.000 -3.000 35.900
0.000 -0.583 3.370 -4.992 -3.000 35.900
0.000 -0.200 3.370 0.000 -3.000 35.900
0.000 -0.200 3.370 0.000 -3.000 35.900
0.000 -0.200 3.370 0.000 -3.000 35.900
0.000 -0.200 3.672 0.000 -3.000 37.296
0.000 -0.200 3.370 0.000 -3.000 35.900
0.000 -0.200 3.370 0.000 -3.000 35.900
0.000 -0.200 3.370 0.000 -3.000 35.900
0.000 -0.200 3.370 0.000 -3.000 35.900
0.000 -0.200 3.370 0.000 -3.000 35.900
0.000 -0.200 3.370 0.000 -3.000 35.900
0.000 -0.200 3.370 0.000 -3.000 35.900
0.000 -0.200 3.370 0.000 -3.000 35.900
0.000 -0.200 3.370 0.000 -3.000 35.900
0.000 -0.200 3.370 0.000 -3.000 35.900
0.000 -0.200 3.370 0.000 -3.000 35.900
0.000 -0.200 3.370 0.000 -3.000 35.900
0.135 -0.200 3.370 0.000 -3.000 35.900
0.000 -0.200 3.568 0.000 -3.000 35.900
0.000 -0.200 3.370 0.000 -3.000 35.900
0.000 -0.200 3.370 0.000 -3.000 35.900
0.000 -0.200 3.370 0.000 -3.000 35.900
0.000 -0.200 3.370 0.000 -3.000 35.900
0.000 -0.200 3.370 0.000 -3.000 35.900
0.000 -0.200 3.370 0.000 -3.000 35.900
0.000 -0.200 3.370 1.111 -3.000 33.355
0.000 -0.200 3.370 0.000 -3.000 35.900
0.000 -0.200 3.370 0.000 -3.000 35.900
0.000 -0.200 3.370 0.000 -3.000 35.900
0.000 -0.200 3.370 0.000 -3.000 35.900
0.000 -0.200 3.370 0.000 -3.000 35.900
0.000 -0.200 3.370 0.000 -3.000 35.900
0.000 -0.200 3.370 0.000 -3.000 35.900
0.000 -0.200 3.370 0.000 -3.000 35.900
0.000 -0.200 3.370 0.000 -3.000 35.900
0.000 -0.200 3.370 0.000 -3.000 35.900
0.000 -0.200 3.370 0.000 -3.000 35.900
0.000 -0.200 3.370 0.000 -3.000 35.900
0.000 -0.200 3.370 0.000 -3.000 35.900
0.000 -0.200 3.370 0.000 -3.000 35.900
0.000 -0.200 3.370 0.000 -3.000 35.900
0.000 -0.200 3.370 0.000 -3.000 35.900
0.000 0.206 3.370 0.000 0.538 35.900
0.000 0.317 3.370 0.000 -3.000 35.900
0.000 -0.200 3.370 0.000 -3.000 35.900
0.000 -0.200 3.370 0.000 -3.000 35.900
0.000 -0.200 3.370 0.000 -7.899 38.477
0.000 -0.200 3.370 0.000 -3.000 35.900
0.000 -0.200 3.370 0.000 -3.000 35.900
0.000 -0.200 3.370 0.000 -3.000 35.900
0.000 -0.200 3.370 0.000 -3.000 35.900
0.000 -0.200 3.370 0.000 -3.000 35.900
0.000 -0.200 3.370 0.000 -3.000 35.900
0.000 -0.200 3.370 0.000 -3.000 35.900
0.000 -0.200 3.370 0.000 -3.000 35.900
0.000 -0.200 3.370 0.000 -3.000 35.900
0.000 -0.200 3.370 0.000 -3.000 35.900
0.000 -0.200 3.370 0.000 -3.000 35.900
0.000 -0.200 3.370 0.000 -3.000 35.900
0.000 -0.200 3.370 0.000 -3.000 35.900
0.000 -0.200 3.370 0.000 -3.000 35.900
0.000 -0.200 3.370 0.000 -3.000 35.900
0.527 -0.132 3.370 0.000 4.801 35.900
0.000 -0.200 3.370 0.000 -3.000 35.900
0.000 -0.200 3.370 0.000 -5.534 35.900
0.000 -0.200 3.370 0.000 -3.000 35.900
0.000 -0.200 3.370 0.000 -3.000 35.900
0.000 -0.200 3.370 0.000 -3.000 35.900
0.000 -0.200 3.370 -7.224 -3.000 39.018
0.000 -0.200 3.370 0.000 -3.000 35.900
0.000 -0.200 3.370 0.000 -3.000 35.900
0.000 -0.200 3.370 0.000 -3.000 35.900
0.000 -0.200 3.370 0.000 -3.000 35.900
-0.527 -0.200 3.370 0.000 -3.000 30.897
0.000 -0.200 3.370 0.000 -3.000 35.900
0.000 -0.200 3.370 0.000 -3.000 35.900
0.000 -0.200 3.370 0.000 -3.000 35.900
0.000 0.018 3.370 -0.849 3.236 30.265
0.000 -0.200 3.370 0.000 -3.000 35.900
0.000 -0.200 3.370 0.000 -3.000 35.900
0.000 -0.200 3.370 0.000 -3.000 35.900
0.140 -0.200 3.370 0.000 -10.130 35.900
0.000 -0.200 3.370 0.000 -3.000 35.900
0.000 -0.200 3.370 0.000 -3.000 35.900
0.000 -0.200 3.370 0.000 -3.000 35.900
0.000 -0.200 3.370 0.000 -3.000 35.900
0.000 -0.200 3.370 0.000 -3.000 35.900
0.000 -0.200 3.370 0.000 -3.000 35.900
0.000 -0.200 3.370 0.000 -3.000 35.900
0.727 -0.200 3.434 0.000 0.161 33.207
0.000 -0.200 3.370 0.000 -3.000 35.900
0.000 -0.200 3.370 0.000 -3.000 35.900
0.000 -0.200 3.370 0.000 -3.000 38.742
0.000 -0.200 3.370 0.000 -3.000 35.900
0.000 -0.200 3.370 0.000 -3.000 35.900
-0.660 -0.200 3.567 0.000 -3.000 35.900
0.000 -0.200 3.370 0.000 -3.000 35.900
0.000 -0.200 3.370 0.000 -3.000 35.900
0.000 -0.200 3.370 0.000 -3.000 35.900
0.000 -0.200 3.370 0.000 -3.000 35.900
0.000 -0.200 3.370 0.000 -3.000 35.900
0.000 -0.200 3.370 0.000 -3.000 35.900
0.000 -0.200 3.370 0.000 -3.000 35.900
0.000 -0.200 3.370 0.000 -3.000 35.900
0.000 -0.200 3.370 0.000 -3.000 35.900
0.000 -0.200 3.370 0.000 -3.000 35.900
0.000 -0.200 3.370 0.000 -3.000 35.900
-0.680 -0.200 3.370 0.000 -3.000 35.900
0.000 -0.200 3.370 0.000 -3.000 35.900
0.000 -0.200 3.370 0.000 -3.000 35.900
0.000 -0.200 3.370 0.000 -3.000 35.900
0.000 -0.200 3.370 0.000 -3.000 35.900
0.000 -0.200 3.370 0.000 -3.000 35.900
0.000 -0.200 3.549 0.739 3.497 35.900
0.000 -0.200 3.370 0.000 -3.000 35.900
0.000 -0.200 3.370 0.000 -3.000 35.900
0.000 -0.200 3.370 0.000 -3.000 35.900
0.000 -0.200 3.370 0.000 -3.000 35.900
0.000 -0.200 3.370 0.000 -3.000 35.900
0.000 -0.200 3.370 0.000 -3.000 35.900
0.000 -0.200 3.370 0.000 -3.000 35.900
0.000 -0.200 3.370 0.000 -3.000 35.900
0.000 -0.200 3.370 0.000 -3.000 35.900
0.000 -0.200 3.370 0.000 -3.000 35.900
0.000 -0.200 3.370 0.000 -3.000 35.900
0.000 -0.200 3.370 0.000 -3.000 35.900
0.000 -0.200 3.370 0.000 -3.000 35.900
0.000 -0.078 3.370 0.000 -3.000 38.990
0.000 -0.200 3.370 0.000 -3.000 35.900
0.000 -0.200 3.370 0.000 -3.000 35.900
0.000 -0.200 3.370 0.000 -3.000 35.900
0.000 -0.200 3.370 0.000 -3.000 35.900
0.000 -0.200 3.370 0.000 -3.000 35.900
0.000 -0.200 3.370 0.000 -3.000 35.900
0.000 -0.200 3.370 0.000 -3.000 35.900
0.000 -0.200 3.370 0.000 -3.000 35.900
0.000 -0.200 3.370 0.000 -3.000 35.900
0.000 -0.200 3.370 0.000 -3.000 35.900
0.000 -0.200 3.370 0.000 -3.000 35.900
0.000 -0.200 3.370 0.000 -3.000 35.900
0.000 -0.200 3.370 0.000 -3.000 35.900
0.000 -0.200 3.370 0.000 -3.000 35.900
0.000 -0.200 3.370 0.000 -3.000 35.900
0.000 -0.200 3.370 0.000 -3.000 35.900
0.000 -0.200 3.370 0.000 -3.000 35.900
0.000 -0.200 3.370 0.000 -3.000 35.900
0.000 -0.200 3.370 0.000 -3.000 35.900
0.000 -0.200 3.370 0.000 -3.000 35.900
0.000 -0.200 3.370 0.000 -3.000 35.900
0.000 -0.200 3.370 0.000 -3.000 35.900
0.000 0.199 3.370 -1.627 -9.098 35.900
0.000 -0.200 3.370 0.000 -3.000 35.900
0.000 -0.200 3.370 0.000 -3.000 35.900
0.000 -0.200 3.370 0.000 -3.000 35.900
0.000 -0.200 3.370 0.000 -3.000 35.900
0.000 -0.200 3.370 0.000 -3.000 35.900
0.000 -0.200 3.370 0.000 -3.000 35.900
0.000 -0.200 3.370 0.000 -3.000 35.900
0.000 -0.200 3.370 -3.114 -3.000 35.900
0.000 -0.200 3.370 0.000 -3.000 35.900
0.000 -0.200 3.370 0.000 -3.000 35.900
