0.000 -0.298 3.370 0.000 -3.000 35.900
0.000 -0.547 3.052 0.000 -3.000 35.900
0.000 -0.200 3.370 0.000 -3.000 35.900
0.000 -0.200 3.370 0.000 -3.000 35.900
0.000 -0.200 3.370 0.000 -3.000 35.900
0.000 -0.200 3.370 0.000 -3.000 35.900
0.000 -0.200 3.370 2.865 -3.000 35.900
-0.722 0.190 3.370 -0.644 -3.000 35.900
0.000 -0.200 3.370 0.000 -3.000 35.900
0.000 -0.200 3.370 0.000 -3.000 35.900
0.000 -0.200 3.370 0.000 -3.000 35.900
0.000 -0.200 3.370 0.000 -3.000 35.900
0.000 -0.200 3.370 0.000 -3.000 35.900
0.000 -0.200 3.370 0.000 -3.000 35.900
0.000 -0.200 3.370 0.000 -3.000 35.900
0.000 -0.200 3.370 0.000 -3.000 35.900
0.000 -0.200 3.370 0.000 -3.000 35.900
0.000 -0.200 3.370 0.000 -3.000 35.900
0.000 -0.200 3.370 0.000 2.843 35.900
0.000 -0.200 3.370 0.000 -3.000 35.900
-0.093 -0.200 3.542 0.000 -3.000 35.900
0.000 -0.200 3.370 0.000 -3.000 35.900
0.000 -0.200 3.442 1.165 -3.000 35.900
0.000 -0.200 3.370 0.000 -3.000 35.900
0.000 -0.200 3.370 -5.932 -3.000 35.900
0.000 0.428 3.259 0.000 -9.789 35.900
0.000 0.427 3.370 0.000 -4.638 35.900
0.000 -0.200 3.370 0.000 -3.000 35.900
0.000 -0.200 3.370 0.000 -3.000 35.900
0.000 -0.200 3.370 0.000 -3.000 34.363
0.000 -0.200 3.370 0.000 -3.000 35.900
0.000 -0.200 3.370 0.000 -3.000 35.900
0.000 -0.200 3.370 0.000 -3.000 31.063
0.000 -0.200 3.370 0.000 -3.000 35.501
0.067 -0.200 3.370 0.000 -1.004 35.900
0.000 -0.200 3.370 0.000 -3.000 35.900
0.000 -0.200 3.370 0.000 -3.000 35.900
0.000 -0.200 3.370 0.000 -3.000 35.900
0.417 -0.200 3.370 0.000 -3.000 35.900
0.000 -0.200 3.370 0.000 -3.000 35.900
0.000 -0.200 3.370 0.000 -3.000 35.900
0.000 -0.200 3.370 0.000 -3.000 35.900
0.000 -0.200 3.370 0.000 -3.000 35.900
0.000 -0.200 3.370 0.000 -3.000 35.900
0.000 -0.200 3.370 0.000 -3.000 35.900
0.000 -0.200 3.370 0.000 -3.000 35.900
0.000 -0.200 3.370 0.000 -3.000 35.900
0.000 -0.200 3.249 0.000 -6.549 36.325
0.000 -0.200 3.370 0.000 -3.000 35.900
-0.161 0.347 3.403 0.000 2.712 35.900
0.000 -0.200 3.370 0.000 -3.000 35.900
0.000 -0.497 3.177 0.000 -8.459 35.900
0.000 -0.200 3.370 0.000 -3.000 35.900
0.000 -0.200 3.370 0.000 -3.000 35.900
0.000 -0.200 3.161 0.000 -3.000 35.900
0.000 -0.200 3.230 0.000 -3.000 35.900
0.000 -0.200 3.370 0.000 -3.000 35.900
0.238 0.345 3.370 3.760 4.495 31.273
-0.147 -0.200 3.370 -0.551 2.855 35.900
0.000 -0.200 3.370 1.049 -3.000 35.900
0.089 -0.200 3.370 0.000 -1.358 35.900
0.000 -0.200 3.370 0.000 -3.000 35.900
0.000 0.418 3.370 0.000 -8.382 35.663
0.000 -0.200 3.370 0.000 -3.000 35.900
0.000 -0.200 3.370 0.000 -3.000 35.900
0.000 -0.200 3.370 0.000 -3.000 35.900
0.000 -0.200 3.370 -0.083 -3.000 29.195
0.000 -0.200 3.370 0.000 -3.000 35.900
-0.150 -0.812 3.370 -1.333 -3.000 35.900
0.000 -0.200 3.370 0.000 -3.000 35.900
0.000 -0.200 3.417 1.644 -3.000 37.650
0.000 -0.200 3.370 0.000 -3.000 35.900
0.000 -0.200 3.370 -3.368 -4.792 35.900
0.000 -0.200 3.370 0.000 -3.000 35.900
0.000 -0.637 3.387 0.000 -3.000 35.900
0.000 -0.200 3.370 0.000 -3.000 35.900
0.000 -0.200 3.370 0.000 -3.000 35.900
0.000 -0.200 3.370 0.000 -3.000 35.900
0.000 -0.200 3.370 0.000 -3.000 35.900
0.000 -0.200 3.370 4.224 3.471 35.900
0.000 -0.200 4.097 0.000 -3.000 35.900
-0.164 -0.200 3.370 0.000 -3.000 35.900
0.000 -0.200 3.370 0.000 -3.000 35.900
0.000 -0.200 3.370 0.000 -3.000 35.900
0.000 -0.200 3.370 0.000 -3.000 35.900
-0.452 -0.200 3.370 0.000 -3.000 39.130
0.000 -0.200 3.370 0.000 -3.000 35.900
0.000 -0.200 3.370 0.000 -3.000 35.900
0.000 -0.200 3.344 0.000 -3.000 33.396
0.000 -0.200 3.370 0.000 -3.000 35.900
0.000 -0.200 3.370 0.000 -3.000 35.900
0.000 -0.200 3.370 0.000 -3.000 35.900
0.000 -0.200 3.370 0.000 -3.000 35.900
0.000 -0.200 3.370 0.000 -3.000 35.900
0.000 -0.200 3.370 0.000 -3.000 35.900
0.187 -0.200 3.370 0.000 -3.000 35.900
0.000 -0.200 3.370 0.000 -3.000 35.900
0.000 -0.200 3.370 7.708 -3.000 42.549
0.326 0.466 3.370 0.000 -5.913 39.764
0.000 -0.200 3.370 0.000 -3.000 35.900
0.000 -0.200 3.370 0.000 -3.000 35.900
0.000 -0.200 3.370 0.000 -3.000 35.900
-0.677 -0.200 3.370 0.000 -3.000 36.721
0.000 -0.200 3.370 0.000 -3.000 35.900
0.000 -0.200 3.370 0.000 -3.000 35.900
0.000 -0.200 3.370 0.000 -3.000 35.900
0.000 -0.200 3.370 0.000 -3.000 35.900
0.000 -0.200 3.803 0.000 -3.000 38.055
0.000 -0.200 3.370 0.000 -3.000 35.900
0.000 -0.200 3.370 0.000 -3.000 35.900
0.000 -0.200 3.370 0.000 -3.000 35.900
0.000 -0.200 3.370 0.000 -3.000 35.900
0.000 -0.200 3.370 0.000 -3.000 35.900
0.221 -0.200 3.370 0.000 -3.000 35.900
0.000 -0.200 3.370 0.000 -3.000 35.900
0.000 -0.200 3.370 0.000 -3.000 35.900
0.000 -0.200 3.370 0.000 -3.000 35.900
0.000 -0.477 3.370 0.000 -4.996 37.950
0.000 -0.200 3.370 0.000 -3.000 35.900
0.000 -0.200 3.370 0.000 -3.000 35.900
0.000 -0.200 3.370 0.000 -3.000 35.900
0.000 -0.132 3.370 0.000 -3.000 35.900
0.000 -0.200 3.370 0.000 -3.000 35.900
0.000 -0.200 3.370 0.000 -3.000 35.900
0.000 -0.200 3.370 0.000 -3.000 35.900
0.000 -0.200 3.370 0.000 -3.000 35.900
0.000 -0.200 3.370 0.000 -3.000 35.900
0.000 -0.200 2.951 0.000 -3.000 35.900
0.000 -0.200 3.370 0.000 -3.000 35.900
0.000 -0.200 3.225 0.000 -3.000 35.900
0.000 -0.200 3.370 0.000 -3.000 35.900
0.000 -0.200 3.370 0.000 -3.000 35.900
0.000 -0.200 3.370 0.000 -3.000 35.900
0.000 -0.200 3.370 0.000 -3.000 35.900
0.000 -0.200 3.370 -4.811 -3.000 35.900
0.000 -0.200 3.370 0.000 -3.000 35.900
0.000 0.247 3.187 0.000 -3.000 35.111
0.000 -0.200 3.370 0.000 -3.000 35.900
0.000 -0.200 3.370 0.000 -3.000 35.900
0.000 -0.200 3.370 0.000 -3.000 35.900
0.198 -0.200 3.370 3.409 -3.000 32.408
0.000 -0.200 3.370 0.000 -3.000 35.900
0.000 -0.084 3.370 0.000 -3.000 35.900
0.000 -0.200 3.370 0.000 -3.000 35.900
0.000 -0.200 3.370 0.000 -3.000 35.900
-0.479 -0.200 3.408 -6.439 -3.000 35.900
0.000 -0.200 3.370 0.000 -3.000 35.900
0.000 -0.200 3.370 0.000 -3.000 35.900
1.228 -0.200 3.598 0.000 -3.000 35.900
0.000 -0.200 3.370 0.000 -3.000 35.900
0.000 -0.200 3.370 0.000 -3.000 35.900
0.000 -0.200 3.370 0.000 -3.000 35.900
0.000 -0.438 3.370 6.232 1.550 33.402
0.000 -0.200 3.370 0.000 -3.000 35.900
0.000 -0.200 3.370 0.000 -3.000 35.900
0.000 -0.200 3.370 0.000 -3.000 35.900
0.000 -0.200 3.370 0.000 -3.000 35.900
-0.557 -0.200 3.370 0.000 -3.000 35.900
0.000 -0.059 3.590 0.000 -1.874 35.900
0.000 -0.200 3.109 0.000 -3.000 35.900
0.497 -0.681 3.325 0.000 -3.000 35.900
0.000 -0.200 3.076 3.104 -3.000 37.933
0.000 -0.200 3.370 0.000 -3.000 35.900
0.000 -0.200 3.370 0.000 -3.000 35.900
0.000 -0.200 3.370 0.000 -3.000 35.900
0.000 -0.200 3.370 0.000 -3.000 35.900
0.000 -0.200 3.370 0.000 -3.000 35.900
0.000 -0.200 3.370 0.000 -3.000 35.900
0.000 -0.200 3.370 0.000 -3.000 35.900
0.000 -0.200 3.370 0.000 -3.000 35.900
0.000 0.012 3.211 6.624 -3.000 35.900
0.000 -0.192 3.370 0.000 -3.000 40.392
0.000 -0.200 3.370 0.000 -3.000 35.900
0.000 -0.200 3.370 0.000 -3.000 35.900
0.000 -0.200 3.370 0.000 -3.000 35.900
0.086 -0.200 3.370 -2.651 -3.000 35.900
0.000 -0.200 3.370 0.934 -3.000 38.081
0.000 -0.200 3.370 0.000 -3.000 35.900
0.000 -0.200 3.370 0.000 -3.000 35.900
0.000 -0.200 3.370 0.000 -3.000 35.900
0.000 -0.200 3.370 0.000 -3.000 35.900
0.000 -0.200 3.370 0.000 -3.000 35.900
0.000 -0.200 3.370 0.000 -3.000 35.900
0.000 -0.200 3.370 0.000 -3.000 35.900
0.000 -0.058 3.330 0.000 -3.000 35.900
0.000 -0.200 3.370 0.000 -3.000 35.900
0.000 -0.200 3.370 0.000 -3.000 35.900
0.163 0.067 3.370 3.009 -3.000 35.900
0.425 -0.644 3.370 5.890 -3.000 35.900
0.000 -0.200 3.370 0.000 -3.000 35.900
0.000 -0.200 3.370 0.000 -3.000 35.900
0.000 -0.200 3.370 0.000 -3.000 35.900
0.000 -0.200 3.370 0.000 -3.000 35.900
0.000 -0.200 3.370 0.000 -3.000 35.900
0.000 -0.200 3.370 0.000 -3.000 35.900
0.000 -0.200 3.370 0.000 -3.000 35.900
0.000 -0.200 3.370 0.000 -3.000 37.992
0.000 -0.200 3.370 -4.688 -3.000 35.900
0.000 -0.346 3.370 0.000 -3.000 35.900
0.000 -0.200 3.370 0.000 -3.000 35.900
0.000 -0.200 3.370 0.000 -3.000 35.900
0.629 -0.200 3.370 0.000 3.543 39.818
-0.054 -0.536 3.370 0.000 -3.403 35.900
0.000 -0.200 3.370 0.000 -3.000 35.900
0.643 0.513 3.370 0.000 -9.708 41.145
0.000 -0.494 3.370 3.477 2.824 35.900
0.000 -0.200 3.370 0.000 -3.000 35.900
0.000 -0.200 3.370 0.000 -3.000 32.560
0.000 -0.200 3.370 0.000 -4.078 35.900
0.000 -0.200 3.370 0.000 -3.000 35.900
0.000 -0.275 3.370 0.000 -3.000 39.436
0.000 -0.514 3.370 4.969 -3.000 35.900
0.000 -0.200 3.370 0.000 -3.000 35.900
0.000 -0.200 3.370 0.000 -3.000 35.900
0.000 -0.200 3.554 0.000 -3.000 35.900
0.000 -0.200 3.370 0.000 -3.000 35.900
0.000 -0.200 3.370 2.325 3.660 35.900
0.000 -0.200 3.370 0.000 -3.000 35.900
0.000 -0.200 3.370 0.000 -3.000 32.414
0.000 -0.200 3.370 0.000 -3.000 35.900
0.000 -0.200 3.370 0.000 -3.000 35.900
0.000 -0.200 3.370 0.000 -3.000 35.900
0.000 -0.200 3.370 0.000 -3.000 35.900
0.574 0.227 3.370 0.000 -0.178 35.900
0.000 -0.200 3.370 0.000 -3.000 35.900
0.000 -0.200 3.370 0.000 -3.000 35.900
0.000 -0.200 3.370 0.000 -3.000 35.900
0.000 0.155 2.961 2.297 -3.000 35.900
0.000 0.049 3.270 -3.414 -3.000 35.900
0.000 -0.200 3.370 0.000 -3.000 35.900
0.000 -0.200 3.370 0.000 -3.000 35.900
0.000 -0.200 3.370 0.000 -3.000 35.900
0.000 -0.200 3.370 0.000 -3.000 35.900
0.000 -0.814 3.370 0.000 -3.000 39.268
0.000 -0.200 3.370 0.000 -3.000 35.900
0.000 -0.200 3.370 0.000 -3.000 39.953
-0.655 0.241 3.370 -4.041 -3.000 35.900
0.000 -0.200 3.370 0.000 -3.000 35.900
0.000 -0.200 3.370 -1.150 -3.000 35.900
0.000 -0.200 3.370 0.000 -3.000 35.900
0.000 -0.200 3.370 0.000 -3.000 35.900
0.000 -0.200 3.370 0.000 -3.000 35.900
0.000 -0.200 3.370 0.000 -3.000 35.900
0.000 -0.200 3.343 -1.919 -3.000 35.900
0.157 -0.511 3.365 0.000 -3.000 33.784
0.000 -0.200 3.370 0.000 -3.000 35.900
0.000 -0.200 3.474 0.000 -3.000 35.900
0.000 -0.200 3.370 0.000 -3.000 35.900
0.000 -0.200 3.370 0.000 -3.000 35.900
0.000 -0.200 3.370 0.000 -3.000 35.900
0.000 -0.200 3.401 0.000 -3.000 38.488
0.000 0.566 3.016 0.000 -3.000 35.900
0.000 -0.610 3.116 2.742 -9.113 36.969
0.000 -0.200 3.370 0.000 -3.000 35.900
0.000 -0.200 3.370 0.000 -3.000 35.900
0.000 -0.200 3.370 0.000 -3.000 35.900
0.000 -0.200 3.370 0.000 -3.000 35.900
0.000 -0.200 3.370 0.000 -3.000 35.900
0.000 -0.200 3.370 0.000 0.915 35.900
0.000 -0.625 3.370 0.000 0.005 36.857
0.000 -0.200 3.370 0.000 -3.000 35.900
-0.509 -0.200 3.370 0.000 -3.000 35.900
0.000 -0.200 3.370 0.000 -3.000 35.900
0.000 -0.200 3.370 0.000 -3.000 35.900
0.000 -0.200 3.370 0.000 -3.000 35.900
-0.475 -0.200 3.370 -5.893 -3.000 33.337
0.000 -0.200 3.370 0.000 -3.000 35.900
0.000 -0.200 3.370 0.000 -3.000 35.900
0.000 -0.200 3.370 0.000 -3.000 35.900
0.000 -0.536 3.333 -2.805 -3.000 35.900
0.000 -0.200 3.509 1.049 -3.000 35.900
0.000 -0.185 3.370 0.000 -3.000 36.077
0.141 -0.352 3.370 2.831 -3.000 34.452
0.000 -0.200 3.370 0.000 -3.000 35.900
0.000 -0.200 3.370 0.000 -3.000 35.900
0.000 -0.200 3.370 0.000 -3.000 35.900
0.000 -0.200 3.370 0.000 -3.000 35.900
0.251 -0.200 3.370 0.000 -7.806 35.900
0.000 -0.200 3.370 0.000 -3.000 35.900
0.000 -0.558 3.370 0.000 -3.000 34.820
0.000 -0.824 3.483 0.000 4.191 35.900
0.000 -0.200 3.370 0.000 -4.197 35.900
0.000 -0.200 3.370 0.000 -3.000 35.900
0.000 -0.200 3.370 0.000 -3.000 35.900
0.000 -0.200 3.370 0.000 -3.000 35.016
0.000 -0.200 3.370 0.000 -3.000 35.900
0.000 -0.200 3.506 0.000 -3.000 35.900
0.790 -0.200 3.405 0.000 -1.479 28.697
0.000 -0.200 3.370 0.000 -3.000 30.649
0.000 -0.200 3.370 0.000 -3.000 35.165
0.000 -0.200 3.370 0.000 -3.000 35.900
0.000 -0.200 3.370 0.000 -3.000 35.900
0.000 -0.200 3.370 0.000 -3.000 35.900
0.000 -0.200 3.370 0.000 -3.000 35.900
0.000 -0.691 3.370 0.000 0.572 35.900
-0.245 -0.200 3.503 0.000 -3.007 35.900
-0.622 -0.200 3.370 0.000 -3.000 35.900
0.000 -0.880 3.370 0.000 1.472 35.900
0.000 -0.307 3.719 0.000 -1.840 33.506
0.000 -0.200 3.370 0.000 -3.000 35.900
0.000 -0.173 3.370 0.000 -1.238 30.383
0.000 -0.200 3.370 0.000 -3.000 35.900
0.000 -0.200 3.370 0.000 -3.000 35.900
0.000 -0.200 3.370 0.000 -3.000 35.900
0.000 -0.200 3.370 0.000 -3.000 35.900
0.000 -0.200 3.370 0.000 -3.000 35.900
-0.192 -0.640 3.370 1.785 -3.000 35.900
0.000 -0.200 3.370 0.000 -3.000 39.824
-0.268 -0.438 3.387 0.000 -3.000 35.900
0.000 -0.200 3.370 0.000 -3.000 35.900
-0.718 -0.795 3.370 -3.873 -3.000 35.900
0.000 -0.200 3.370 0.000 -3.000 35.900
0.000 -0.200 3.370 0.000 -3.000 35.900
0.000 -0.200 3.370 0.000 -3.000 35.900
-0.112 0.364 3.370 1.126 -4.383 35.900
0.000 -0.200 3.370 0.000 -3.000 35.900
0.000 -0.200 3.370 0.000 -3.000 35.900
0.000 0.228 3.370 1.323 -3.000 34.232
0.000 -0.200 3.370 0.000 -3.000 35.900
0.000 0.452 3.370 -3.391 -3.000 35.900
0.000 -0.200 3.370 0.000 -3.000 35.900
0.000 -0.200 3.370 0.000 -3.000 35.900
0.402 -0.200 3.370 0.000 -3.000 35.900
0.000 -0.632 3.370 0.000 -6.051 35.900
-0.673 -0.455 3.370 1.898 -3.000 35.900
0.000 -0.200 3.370 0.000 -3.000 35.900
0.000 -0.200 3.370 0.000 -3.000 35.900
0.000 -0.200 3.370 -1.163 -3.000 36.690
0.000 -0.200 3.370 3.632 -3.000 35.900
0.000 -0.200 3.370 0.000 -3.000 35.900
0.000 -0.200 3.370 0.000 -3.000 35.900
0.000 -0.200 3.370 0.000 -3.000 35.900
0.000 -0.200 3.370 0.000 -3.000 35.900
0.000 -0.200 3.370 0.000 -3.000 35.900
0.000 -0.200 3.625 0.000 3.125 35.900
0.000 -0.200 3.370 0.000 -3.000 35.900
0.000 -0.032 3.274 0.000 -4.213 35.900
0.000 -0.200 3.370 0.000 -3.000 35.900
0.516 -0.200 3.370 0.000 -3.000 35.900
0.000 -0.200 3.370 0.000 -3.000 35.900
0.000 -0.200 3.370 0.000 -3.000 35.900
0.000 -0.200 3.370 0.000 -3.000 35.900
0.000 0.177 3.370 0.000 -3.000 35.900
0.000 -0.200 3.370 2.372 -3.000 35.900
0.000 -0.200 3.370 0.000 -3.000 35.900
0.000 -0.200 3.370 0.000 -3.000 35.900
0.000 0.147 3.370 -2.822 -3.000 37.118
0.000 -0.024 3.643 5.409 -3.000 35.900
0.000 -0.200 3.370 0.000 -3.000 35.900
0.000 -0.025 3.296 4.570 -3.000 35.900
0.000 -0.200 3.370 0.000 -3.000 35.900
0.000 -0.200 2.985 -5.513 -3.000 35.900
0.000 -0.200 3.370 0.000 -3.000 35.900
0.000 -0.200 3.295 4.980 -3.000 35.900
0.000 -0.200 3.370 0.000 -3.000 35.900
0.000 -0.496 3.370 0.000 -3.000 35.900
0.000 -0.200 3.370 0.000 -3.000 35.900
0.000 -0.350 3.370 0.000 -3.000 35.900
0.000 -0.200 3.370 0.000 -3.000 35.900
0.000 -0.200 3.370 0.000 -3.000 35.900
1.185 -0.200 3.370 0.000 -3.000 35.900
0.000 -0.200 3.358 -0.819 -3.000 35.900
-0.733 -0.200 3.370 0.000 -3.000 35.900
-0.218 -0.200 3.427 0.000 -4.695 35.900
0.000 -0.200 3.630 -0.801 -3.000 35.900
0.000 -0.200 3.370 0.000 -3.000 35.900
0.000 -0.200 3.370 0.000 -3.000 35.900
0.000 -0.200 3.370 0.000 -3.000 35.900
0.000 -0.200 3.246 0.000 3.075 29.910
0.000 -0.200 3.370 0.000 -3.000 35.900
0.000 -0.200 3.370 0.000 -3.000 35.900
0.000 -0.200 3.370 0.000 -3.000 35.900
0.000 -0.200 3.370 0.000 -3.000 35.900
-0.369 -0.200 3.370 1.229 -3.000 35.900
0.000 -0.200 3.370 0.000 -3.000 35.900
0.000 -0.200 3.370 0.000 -3.000 35.900
0.000 -0.297 3.166 -0.007 -3.000 36.975
0.000 -0.200 3.600 0.000 -3.000 35.900
0.000 -0.380 2.985 0.000 2.784 35.900
0.000 -0.200 3.370 0.000 -3.000 35.900
0.000 -0.200 3.370 0.000 -3.000 35.900
0.000 -0.200 3.370 0.000 -9.247 35.900
0.000 -0.200 3.370 0.000 -3.000 35.900
-0.172 -0.200 3.370 2.386 -4.498 35.900
0.000 -0.200 3.370 0.000 -3.000 35.900
0.000 -0.200 3.370 0.000 -3.000 35.900
0.000 -0.200 3.370 5.937 -3.000 38.403
0.000 -0.200 3.370 0.000 -3.000 35.900
0.000 -0.200 3.370 0.000 -3.000 35.900
0.000 -0.200 3.370 0.000 -3.000 35.900
0.000 -0.200 3.370 0.000 -3.000 35.900
0.000 -0.200 3.370 0.000 -3.000 35.900
-0.609 -0.200 3.370 1.993 -3.000 35.642
0.000 -0.200 3.370 0.000 -3.000 35.900
0.000 -0.200 3.370 0.000 -3.000 35.900
0.000 -0.200 3.370 0.000 -3.000 35.900
0.000 -0.200 3.370 0.000 -3.000 35.900
0.000 -0.200 3.370 0.000 -3.000 35.900
0.000 -0.756 3.370 0.000 -3.000 35.900
0.000 -0.200 3.370 0.000 -3.000 35.900
0.000 -0.200 3.340 0.000 -3.000 36.748
0.000 -0.200 3.370 0.000 -3.000 35.900
0.000 -0.515 3.370 0.000 -0.057 35.900
0.000 -0.729 3.370 0.000 -3.000 32.753
0.000 -0.028 3.677 0.000 -3.000 36.264
0.000 -0.200 3.370 0.000 -3.000 35.900
0.000 -0.200 3.370 0.000 -3.000 35.900
1.039 0.219 3.370 0.016 -1.023 35.900
0.000 -0.200 3.370 0.000 -3.000 35.900
0.000 -0.200 3.370 0.000 -3.000 35.900
0.000 -0.200 3.370 0.000 -3.000 35.900
0.000 -0.200 3.062 0.000 -3.000 35.900
0.000 -0.342 3.370 -4.792 -3.000 35.900
0.000 -0.200 3.370 0.000 -3.000 35.900
0.000 -0.200 3.317 0.000 -1.333 35.900
0.000 -0.200 3.370 0.000 -3.000 35.900
0.000 -0.200 3.370 0.000 -3.000 35.900
0.000 -0.200 3.370 0.000 -3.000 35.900
0.000 -0.200 3.370 0.000 -3.000 35.900
0.000 -0.200 3.370 0.000 -7.017 35.900
0.000 -0.200 3.370 0.000 -3.000 35.900
0.291 -0.200 3.665 0.621 -3.000 35.900
0.000 -0.200 3.370 0.000 -3.000 35.900
0.000 -0.200 3.699 0.000 -3.000 35.900
0.000 -0.503 3.489 0.000 -3.000 34.651
0.000 -0.200 3.370 0.000 -3.000 35.900
0.000 -0.200 3.370 0.000 -3.000 35.900
0.000 -0.200 3.283 0.000 -3.000 35.900
0.000 -0.200 3.627 0.000 -3.000 35.900
0.000 -0.200 3.370 0.000 -3.000 35.900
0.248 -0.200 3.288 0.000 -3.000 35.900
0.000 -0.200 3.370 0.000 -3.000 34.381
0.000 0.515 3.370 -2.111 -3.000 35.900
0.000 -0.200 3.370 0.000 -3.000 35.900
0.000 -0.200 3.370 0.000 -3.000 35.900
0.000 -0.200 3.370 0.000 -3.000 35.900
0.000 -0.200 3.370 0.000 -3.000 35.900
0.000 -0.200 3.370 0.000 -3.000 35.900
0.000 -0.200 3.019 0.000 -3.000 35.900
0.000 -0.200 3.370 -1.007 -3.000 41.234
0.000 -0.200 3.370 0.000 -3.000 35.900
0.000 -0.490 3.370 0.000 -6.229 35.900
0.000 -0.200 3.370 0.000 -3.000 35.900
0.000 -0.200 3.370 0.000 -3.000 35.900
0.000 -0.200 3.082 0.000 1.712 35.900
0.000 0.200 3.370 0.000 -3.000 35.900
0.000 -0.406 3.370 0.000 -3.000 35.900
0.000 -0.200 3.370 0.000 -3.000 35.900
0.000 -0.200 3.124 0.000 3.456 35.900
-0.108 0.319 3.370 -1.775 2.264 35.900
0.000 -0.200 3.370 0.000 -3.000 35.900
0.000 -0.200 3.370 0.000 -3.000 35.900
0.000 -0.200 3.384 0.000 -3.000 35.900
0.000 -0.200 3.370 0.000 -3.000 35.900
0.000 -0.200 3.370 5.586 -3.000 35.900
0.000 -0.200 3.258 -1.951 -7.478 35.900
0.000 -0.200 3.370 0.000 -3.000 35.900
0.000 -0.200 3.370 0.000 -3.000 35.900
0.000 -0.200 3.370 0.000 -3.000 35.900
0.000 -0.200 3.370 0.000 -3.000 35.900
0.283 -0.200 3.674 0.000 -3.000 35.900
-0.552 -0.200 3.370 0.000 -3.000 35.900
0.000 -0.200 3.370 0.000 -3.000 35.900
0.000 -0.200 3.370 0.000 -3.000 35.900
0.000 -0.200 3.370 0.000 -3.000 35.900
0.000 -0.200 3.370 0.000 -3.000 35.900
0.000 -0.200 3.370 0.000 -3.000 35.900
0.000 -0.200 3.370 -0.876 -3.000 35.900
0.000 -0.200 3.370 0.000 -3.000 35.900
0.000 -0.200 3.370 0.000 -3.000 35.900
0.000 -0.200 3.370 0.000 -3.000 35.900
0.000 -0.200 3.370 0.000 -3.000 35.900
0.000 -0.200 3.370 -1.254 -3.000 31.788
0.000 -0.200 3.370 0.000 -3.000 35.900
-0.356 -0.200 3.175 0.000 -3.000 35.900
-0.085 -0.200 3.370 0.000 -8.023 35.900
0.000 -0.200 3.370 0.000 -3.000 35.900
0.000 -0.200 3.370 0.000 -3.000 35.900
0.000 -0.200 3.370 0.000 -3.000 35.900
0.000 -0.200 3.370 0.000 -3.000 35.900
0.000 -0.200 3.370 0.000 -3.000 35.900
0.189 -0.200 3.370 0.000 -3.000 35.900
0.874 -0.200 3.370 3.756 -7.385 29.616
0.000 -0.200 3.370 0.000 -3.000 35.900
0.000 -0.200 3.370 0.000 -3.000 35.218
0.000 -0.200 3.370 0.000 -3.000 35.900
0.000 -0.200 3.370 0.000 -3.000 35.900
0.000 -0.200 3.370 0.000 -3.000 35.900
-0.512 0.009 3.697 -2.094 -6.597 35.900
0.000 -0.200 3.623 0.000 -3.000 35.802
0.000 -0.200 3.370 0.000 3.580 35.900
0.000 -0.200 3.370 0.000 -3.000 35.900
0.000 -0.200 3.370 0.226 -3.000 35.900
0.000 -0.200 3.370 0.000 -3.000 35.900
0.000 -0.200 3.370 0.000 -3.000 35.900
0.000 -0.200 3.370 0.000 -3.000 35.900
0.000 -0.200 3.370 0.000 -3.000 35.900
0.000 -0.200 3.370 0.000 -3.000 35.900
0.000 -0.200 3.370 0.000 -3.000 35.900
0.000 -0.200 3.370 0.000 -3.000 35.900
0.000 -0.200 3.370 0.000 -3.000 35.900
0.000 -0.421 3.370 0.000 1.287 31.715
0.000 -0.200 3.370 0.000 -3.000 35.900
0.000 -0.200 3.370 0.000 -3.000 35.900
-1.127 -0.200 3.370 0.000 -3.000 35.900
0.000 -0.200 3.370 0.000 -3.000 35.900
0.000 -0.200 3.370 0.000 -3.000 35.900
0.000 -0.200 3.296 0.000 -3.000 31.955
0.000 -0.200 3.370 0.000 -3.000 35.900
0.000 -0.429 3.370 0.000 -3.000 35.900
0.000 -1.231 3.058 0.000 -4.225 35.416
0.000 -0.357 3.370 0.000 -1.562 35.900
0.000 -0.200 3.370 0.000 -3.000 35.900
0.000 -0.200 3.370 0.000 -3.000 35.900
0.000 -0.200 3.370 0.000 -3.000 35.900
0.000 -0.200 3.370 5.731 -0.678 35.900
0.000 -0.200 3.370 0.000 -3.000 35.900
-0.888 -0.106 3.195 0.000 -3.000 35.900
0.000 -0.200 3.370 0.000 -3.000 35.900
0.000 -0.200 3.370 0.000 -3.000 35.900
0.000 -0.200 3.370 0.000 -3.000 35.900
0.000 -0.200 3.370 0.000 -3.000 35.900
0.000 -0.200 3.370 0.000 -3.000 35.900
0.000 -0.200 3.370 -6.465 -6.881 35.900
0.000 -0.200 3.370 0.000 -3.000 35.900
0.000 -0.200 3.370 0.000 -3.000 35.900
0.000 -0.200 3.370 0.000 -3.000 35.900
0.000 -0.200 3.370 0.000 -3.000 35.900
0.000 -0.200 3.370 0.000 -3.000 35.900
0.000 -0.200 3.370 0.000 -3.000 35.900
0.000 -0.200 3.370 0.000 -3.000 35.900
0.000 -0.200 3.370 0.000 -3.000 35.900
-0.564 -0.200 3.370 -4.981 -3.000 35.900
0.000 -0.200 3.370 0.000 -3.000 35.900
0.000 -0.003 3.370 0.000 -0.030 35.900
0.000 -0.280 3.370 0.000 -3.000 33.978
0.272 -0.281 3.366 0.000 -3.000 35.900
0.000 -0.200 3.370 0.000 -3.000 35.900
0.000 -0.200 3.370 0.000 -3.000 35.900
0.000 -0.200 3.370 0.000 -3.000 35.900
0.000 -0.200 3.370 0.000 -3.000 35.900
0.000 -0.200 3.370 0.000 -3.000 35.900
0.000 -0.200 3.370 0.000 -3.000 35.900
0.000 -0.200 3.370 0.000 -3.000 35.900
0.000 -0.200 3.370 0.000 -3.000 35.900
0.000 -0.200 3.370 0.000 -3.000 35.900
0.000 -0.200 3.423 0.000 -3.000 40.028
0.000 -0.200 3.054 2.286 -3.000 35.900
0.000 -0.200 3.370 0.000 -3.000 35.900
-0.318 0.906 3.370 2.757 -9.530 35.900
-0.900 -0.200 3.050 -3.437 -3.000 35.900
0.000 -0.200 3.370 2.082 -3.000 35.900
0.000 -0.200 3.370 0.000 -3.000 35.900
0.000 0.173 3.133 0.000 -1.031 35.900
1.566 -0.200 3.370 -3.305 -3.000 35.900
0.000 0.290 3.328 0.000 -0.651 35.900
0.000 -0.200 3.794 0.000 -10.419 42.573
0.000 -0.200 3.370 0.000 -3.000 35.900
0.000 -0.200 3.370 0.000 -3.000 35.900
0.000 -0.200 3.370 0.000 -3.000 35.900
0.000 -0.200 3.370 0.000 -3.000 35.900
0.000 -0.200 3.370 0.000 0.138 30.664
0.000 -0.200 3.370 0.000 -3.000 35.900
0.000 -0.200 3.370 0.000 -3.000 35.900
0.330 -0.200 3.370 0.000 -6.125 35.900
0.000 0.273 3.370 4.489 -3.000 35.900
-0.054 -0.200 3.370 0.000 -3.000 35.900
0.000 -0.200 3.370 -1.372 -3.000 35.900
0.000 -0.200 3.370 0.000 -3.000 35.900
0.000 -0.200 3.370 0.000 -3.000 35.900
0.000 -0.200 3.370 0.000 -3.000 35.900
0.000 -0.200 3.370 0.000 0.955 42.050
0.000 -0.200 3.370 0.000 -3.000 35.900
0.000 0.151 3.370 0.000 -1.234 42.128
0.458 0.007 3.370 0.000 -3.000 35.900
0.000 -0.200 3.370 0.000 1.170 35.900
0.000 -0.200 3.370 0.000 -3.000 35.900
0.698 -1.034 3.610 0.000 -6.706 40.711
0.000 -0.200 3.370 0.000 -3.000 35.900
0.000 -0.200 3.370 0.000 -3.000 35.900
0.000 -0.200 3.370 0.000 -3.000 35.900
0.000 -0.200 3.370 0.000 -3.000 35.900
-0.734 -0.200 3.370 0.000 -3.999 35.900
0.000 -0.200 3.370 0.000 -3.000 35.900
0.000 -0.200 3.351 -4.659 -2.264 40.840
0.000 -0.200 3.738 0.000 -3.000 35.900
0.000 -0.200 3.639 0.000 4.197 35.900
0.445 -0.200 3.370 0.000 -3.000 35.900
0.000 -0.200 3.370 0.000 -3.000 35.900
0.000 -0.200 3.064 0.000 -1.708 35.900
0.000 -0.200 3.370 0.000 -3.000 35.900
0.000 -0.200 3.596 0.000 -3.000 35.900
0.000 -0.200 3.370 0.000 -3.000 35.900
0.000 -0.200 3.370 0.000 -3.000 35.900
0.000 -0.918 3.370 0.000 -3.189 35.900
0.000 -0.200 3.370 0.000 -3.000 35.900
0.000 -0.200 3.370 0.000 -3.000 35.900
0.000 -1.213 3.370 0.000 -6.026 35.900
0.000 -0.371 3.370 -4.284 -3.000 35.271
0.000 -0.200 3.370 0.000 -3.000 35.900
0.000 -0.200 3.370 0.000 -1.650 35.900
-0.235 -0.200 3.370 0.000 -3.104 35.900
0.174 -0.200 3.370 0.389 -3.000 35.900
0.000 -0.200 3.370 0.000 -3.000 35.900
0.000 -0.200 3.370 0.000 -3.000 35.900
0.000 -0.200 3.370 0.000 -3.000 35.900
0.000 -0.200 3.370 0.000 -3.000 35.900
0.000 -0.200 3.370 0.000 -3.000 35.900
0.000 -0.200 3.370 0.000 -3.000 35.900
-0.091 -0.200 3.370 3.499 1.018 35.900
0.000 -0.200 3.370 0.000 -3.000 35.900
0.000 -0.200 3.370 0.000 -3.000 35.900
0.000 -0.200 3.370 0.000 -3.000 35.900
0.000 -0.200 3.370 0.000 -3.000 35.900
0.000 -0.200 3.408 1.606 1.316 35.900
0.000 0.410 3.370 0.000 -3.000 35.900
0.000 -0.200 3.358 0.000 -3.000 35.900
0.000 -0.200 3.200 0.000 -3.000 35.900
0.000 -0.200 3.370 0.000 -3.000 35.900
0.000 -0.837 3.364 0.000 -3.000 37.629
0.000 -0.142 3.567 0.000 -3.000 35.900
-0.022 -0.274 3.370 0.000 -3.000 35.900
0.000 -0.200 3.370 0.000 -3.000 35.900
0.000 -0.200 3.513 0.000 -0.907 35.900
0.000 -0.605 3.218 4.170 -3.000 35.900
0.000 -0.200 3.370 0.000 -3.000 35.900
0.000 -0.200 3.370 0.000 -3.000 35.900
0.000 -0.200 3.677 0.000 0.389 35.900
0.000 -0.200 3.370 0.000 -3.000 35.900
0.000 -0.200 3.370 0.000 -3.000 35.900
0.000 -0.200 3.370 0.000 -3.000 35.900
0.000 -0.200 3.234 0.000 -3.000 35.900
0.000 -0.200 3.370 0.000 -3.000 35.900
0.000 -0.200 3.370 0.000 -3.000 35.900
0.000 -0.200 3.370 0.000 -3.000 35.900
0.000 -0.200 3.370 0.000 -3.000 35.900
0.000 -0.200 3.526 0.000 0.991 31.126
0.000 -0.200 3.370 0.000 -3.000 35.900
0.000 -0.200 3.370 0.000 -3.000 35.900
0.000 -0.200 3.370 0.000 -3.000 35.900
-0.630 -0.901 3.370 0.000 -3.000 35.900
0.383 0.196 3.370 0.000 -5.808 35.900
-0.805 -0.200 3.370 0.000 -3.000 29.842
0.368 -0.200 3.370 0.000 -3.000 35.900
0.000 -0.582 3.309 0.000 -3.000 39.189
0.000 -0.590 3.370 4.212 -3.000 36.531
0.000 -0.200 3.370 0.000 -3.000 35.900
0.170 -0.200 3.370 4.504 -3.000 35.900
0.000 -0.171 3.370 0.000 -3.000 35.900
0.000 -0.200 3.370 0.000 -3.000 35.900
0.000 -0.200 3.370 0.000 -3.000 35.900
0.000 0.026 3.370 0.000 -3.000 35.900
0.000 -0.200 3.370 0.000 -3.000 35.900
0.000 -0.200 3.370 0.000 -3.000 35.900
0.422 -0.200 3.200 4.325 -3.000 35.900
0.000 -0.200 3.370 0.000 -3.000 35.900
0.000 -0.200 3.370 0.000 -3.000 35.900
0.000 -0.200 3.370 0.000 -3.000 35.900
0.256 -0.200 3.370 0.000 -3.000 35.900
0.000 0.133 3.370 0.000 -3.000 35.900
0.000 -0.200 3.370 0.000 -3.000 35.900
0.000 -0.200 3.370 3.961 -3.000 35.900
0.000 -0.200 3.370 0.000 -3.000 35.900
0.000 -0.200 3.370 0.000 -3.000 35.900
0.000 0.392 3.370 2.857 -3.000 35.900
0.000 -0.200 3.370 3.202 -3.000 35.900
0.000 -0.566 3.370 0.000 -3.000 35.900
0.000 -0.200 3.370 0.000 -3.000 35.900
-0.761 -0.200 3.370 -2.865 -3.000 35.900
0.000 -0.200 3.370 0.000 -3.000 35.900
0.000 -0.200 3.370 0.000 -3.000 35.900
0.000 -0.200 3.370 0.000 -3.000 35.900
0.298 -0.200 3.370 0.000 -3.000 35.900
0.000 -0.200 3.370 0.000 -3.000 35.900
0.000 -0.200 3.370 0.000 -3.000 35.900
0.000 -0.200 3.370 0.800 -6.728 35.900
0.000 -0.200 3.370 0.000 -3.000 35.900
0.000 -0.200 3.370 4.716 -2.566 35.251
0.000 0.248 3.248 0.000 -3.000 35.900
1.373 -0.200 3.370 0.000 -3.000 24.464
0.803 -0.200 3.370 3.034 -3.000 35.900
0.000 -0.200 3.370 0.000 -3.000 35.900
0.000 -0.200 3.440 0.000 -3.000 35.900
0.000 -0.200 3.370 0.000 -3.000 35.900
0.000 -0.200 3.370 0.000 -3.000 35.900
0.000 -0.200 3.370 0.000 -3.693 31.970
-0.725 -0.200 3.370 0.000 -3.000 35.900
0.000 -0.200 3.370 0.000 -3.983 35.900
0.000 -0.200 3.370 0.000 -3.000 35.900
0.000 -0.121 3.370 0.000 5.475 35.900
-0.708 -0.200 3.370 1.680 -4.692 35.900
0.000 -0.487 3.370 1.237 -3.000 35.900
-0.117 -0.200 3.155 4.735 -4.697 31.086
0.000 -0.200 3.370 0.000 -3.000 35.900
0.000 -1.088 3.370 0.000 -10.155 35.900
0.000 -0.502 3.370 0.000 -3.000 35.900
0.000 -0.200 3.370 0.000 -3.000 35.900
0.000 -0.200 3.370 0.000 5.763 35.900
0.000 -0.200 3.370 0.000 -3.000 35.900
0.000 -0.852 3.370 0.000 -9.776 35.900
0.000 -0.200 3.370 0.000 -3.000 35.900
0.000 0.119 3.370 -0.053 3.064 35.900
0.000 -0.200 3.370 0.000 -3.000 35.900
0.000 -0.200 3.370 0.000 -3.000 35.900
0.872 0.222 3.370 -3.355 -3.000 37.961
0.000 -0.200 3.370 0.000 -3.000 35.900
0.000 -0.200 3.370 0.000 -3.000 35.900
0.000 -0.200 3.370 0.000 -3.000 35.900
0.000 -0.200 3.370 3.272 -0.981 35.900
0.000 -0.200 3.370 0.000 -3.000 35.900
0.000 -0.739 3.370 0.000 -10.231 35.018
-1.275 -0.081 3.370 0.820 -3.000 31.790
0.000 -0.200 3.370 0.000 -3.000 35.760
0.253 -0.200 3.370 0.000 -9.731 35.900
0.000 -0.200 3.370 0.000 -3.000 35.900
0.000 -0.200 3.370 0.000 -3.000 35.900
0.000 -0.200 3.370 0.000 -3.000 35.900
0.000 -0.200 3.370 0.000 -3.000 35.900
0.000 -0.200 3.370 0.000 -3.000 35.900
0.000 -0.200 3.370 0.000 -3.000 35.900
-0.394 -0.714 3.370 0.000 -7.707 41.462
0.000 -0.200 3.370 0.000 -3.000 35.900
0.000 -0.200 3.044 0.000 -3.000 35.900
0.000 -0.200 3.370 0.000 -3.000 35.900
-0.668 -0.208 3.384 0.000 -3.000 35.900
-0.846 -0.200 3.370 0.000 -0.567 38.194
0.000 -0.200 3.370 0.000 -3.000 35.900
0.766 -0.200 3.237 0.000 -3.000 35.900
0.000 -0.200 3.370 0.000 -3.000 35.900
0.000 -0.200 3.370 0.000 -3.000 35.900
0.000 -0.200 3.370 0.000 -8.435 37.238
0.000 0.293 3.629 0.000 -3.000 35.900
0.000 -0.200 3.370 0.000 -3.000 35.900
-0.856 -0.200 3.370 -1.504 -3.000 35.900
0.000 -0.200 3.370 -3.584 0.361 31.898
0.000 -0.200 3.370 0.000 -3.000 35.900
0.000 -0.200 3.370 0.000 -3.000 35.900
0.000 -0.200 3.370 0.000 -3.000 35.900
0.000 -0.200 3.272 1.730 -3.000 35.900
0.000 -0.200 3.370 0.000 -3.000 35.900
0.275 -0.200 3.370 0.000 3.428 34.446
0.000 -0.200 3.370 0.000 -3.000 35.900
0.000 -0.200 3.323 0.000 -8.098 35.900
0.000 -0.200 3.370 0.000 -3.000 35.900
0.000 -0.200 3.370 0.000 -3.000 35.900
0.000 -0.200 3.370 0.000 -3.000 35.900
0.000 -0.200 3.370 0.000 -3.000 35.900
0.000 -0.200 3.370 0.000 -3.000 35.900
0.000 -0.200 3.370 0.000 -3.000 35.900
0.000 -0.200 3.370 0.000 -3.000 35.900
0.000 -0.200 3.370 2.863 4.066 34.588
0.000 -0.373 3.370 5.118 -3.000 35.900
0.000 -0.228 3.706 1.921 -3.000 35.900
-0.404 -0.200 3.370 -0.440 -3.000 42.008
0.000 -0.200 3.370 0.000 -3.000 35.900
0.000 -0.200 3.370 0.000 -3.000 35.900
0.000 -0.200 3.370 0.000 -3.000 35.900
0.000 -0.200 3.370 0.000 -3.000 35.900
0.000 0.219 3.487 4.798 2.168 35.900
0.000 -0.200 3.370 0.000 -3.000 35.900
0.000 -0.438 3.493 0.000 -3.000 35.997
0.000 -0.200 3.370 -0.278 -7.151 37.302
0.000 -0.200 3.370 0.000 -3.000 35.900
0.000 -0.166 3.457 0.000 -1.555 35.900
0.000 -0.200 3.370 0.000 -3.000 35.900
0.000 0.472 3.520 0.000 -3.000 35.900
0.000 0.105 3.370 0.000 -3.000 32.963
0.000 -0.200 3.370 0.000 -3.000 35.900
0.000 -0.714 3.370 0.000 -8.411 38.276
0.000 -0.200 3.370 0.000 -3.000 35.900
0.000 -0.200 3.370 0.000 -3.000 31.907
0.000 -0.200 3.370 0.000 -3.000 35.900
0.000 -0.200 3.370 0.000 -3.000 35.900
0.000 -0.200 3.370 0.000 -3.000 35.900
0.000 -0.341 3.370 -5.775 -3.000 35.900
0.000 -0.200 3.370 0.000 -3.000 35.900
0.000 -0.200 3.370 0.000 -3.000 35.900
1.013 -0.200 3.370 -6.905 -3.000 35.900
0.000 -0.200 3.370 0.000 -3.000 35.900
0.000 -0.729 3.370 0.000 -3.000 36.485
0.000 -0.200 3.370 0.000 4.254 35.900
0.000 -0.200 3.370 0.000 -3.000 35.900
0.000 -0.200 2.988 0.000 -3.000 35.900
0.000 -0.071 3.409 -3.433 -3.000 35.900
0.000 -0.200 3.370 0.000 -3.000 35.900
0.000 -0.200 3.370 0.000 -3.000 35.900
0.000 -0.200 3.370 0.000 -3.000 35.900
0.000 -0.142 3.370 -2.877 -3.000 35.900
0.000 -0.200 3.370 0.000 -3.000 35.900
0.949 -0.646 3.370 0.743 0.112 31.719
0.000 -0.879 3.111 0.000 -3.000 35.900
0.000 -0.200 3.370 0.000 -3.000 35.900
0.000 -0.200 3.370 0.000 -3.000 35.900
0.000 -0.200 3.370 2.596 -3.000 38.968
0.000 -0.200 3.392 -2.297 1.201 35.900
0.000 -0.200 3.370 0.000 -3.000 35.900
0.000 -0.200 3.370 0.000 -3.000 35.900
0.000 -0.263 3.370 0.000 -3.000 35.900
0.000 -0.200 3.508 0.000 -4.186 35.900
0.000 -0.200 3.370 0.000 -3.000 35.900
-0.441 -0.200 3.219 0.000 -3.000 35.900
0.000 0.123 3.313 -1.549 -6.365 30.985
0.666 -0.154 3.370 0.000 -3.000 35.900
-0.359 -0.200 3.611 0.000 -5.594 34.210
0.438 -0.200 3.370 -1.993 -3.000 35.900
0.000 -0.200 3.370 0.000 -3.000 35.900
-0.735 -0.200 3.555 0.000 -3.000 39.030
0.000 -0.200 3.370 0.000 -3.000 35.900
0.000 -0.200 3.370 0.000 -3.000 35.900
-0.468 -0.200 3.370 0.000 -3.000 35.900
0.000 -0.200 3.370 0.000 -3.000 35.900
0.000 -0.200 3.370 0.000 2.482 35.900
0.586 -0.200 3.333 0.000 -3.000 37.272
0.000 -0.200 3.370 0.000 -3.000 35.900
0.000 -0.710 3.370 -1.427 -3.000 35.900
0.000 -0.200 3.370 0.000 -3.000 35.900
0.000 -0.200 3.370 0.000 -3.000 35.900
0.000 -0.200 3.659 0.000 -0.547 30.668
0.000 -0.200 3.370 0.000 -3.000 35.900
0.000 -0.200 3.370 0.000 -3.000 35.900
0.000 -0.200 3.370 0.000 -3.000 35.900
0.000 -0.200 3.370 0.000 -3.000 35.900
0.000 -0.200 3.370 0.000 -3.000 35.900
0.000 -0.429 3.370 0.000 -3.000 32.884
0.851 -0.200 3.356 0.000 -3.000 35.900
0.000 -0.200 3.370 0.000 -3.000 35.900
0.000 -0.200 3.370 0.000 -3.000 35.900
