0.000 -0.200 3.370 0.000 -3.000 35.900
0.000 -0.200 3.370 0.000 -3.854 35.900
0.000 -0.200 3.370 0.000 -3.000 35.900
0.000 -0.200 3.370 0.000 -3.000 35.900
0.000 -0.200 3.370 0.000 -3.000 35.900
0.000 -0.200 3.370 0.000 -3.000 35.900
0.000 -0.200 3.370 0.000 -3.000 35.900
0.000 -0.200 3.370 0.000 -3.000 35.900
0.000 -0.200 3.370 0.000 -3.000 35.900
0.000 -0.200 3.370 0.000 -3.000 35.900
0.000 -0.200 3.370 0.000 -3.000 35.900
0.000 -0.200 3.370 0.000 -3.000 38.906
0.000 -0.200 3.370 0.000 -3.000 35.900
0.000 -0.200 3.370 0.000 -3.000 35.900
0.000 -0.200 3.370 0.000 -3.000 35.900
0.000 -0.200 3.370 0.000 -3.000 35.900
0.000 -0.200 3.370 0.000 -3.000 35.900
0.000 -0.200 3.370 0.000 -3.000 35.900
0.000 -0.200 3.370 0.000 -3.000 35.900
0.000 -0.200 3.370 0.000 -3.000 35.900
0.000 -0.200 3.370 0.000 -3.000 35.900
0.000 -0.200 3.370 0.000 -3.000 35.900
0.000 -0.200 3.370 0.000 -3.000 35.900
0.000 -0.200 3.370 0.000 -3.000 35.900
0.000 -0.200 3.370 0.000 -3.000 35.900
0.000 -0.200 3.370 0.000 -3.000 35.900
0.000 -0.200 3.370 0.000 -3.000 35.900
0.000 -0.200 3.370 0.000 -3.000 35.900
0.000 -0.200 3.370 0.000 -3.000 35.900
0.000 -0.200 3.370 0.000 -3.000 35.900
0.000 -0.200 3.370 0.000 -3.000 35.900
0.000 -0.200 3.370 0.000 -3.000 35.900
0.000 -0.200 3.370 0.000 -3.000 35.900
0.000 -0.200 3.370 0.000 -3.000 35.900
0.000 -0.200 3.370 0.000 -3.000 35.900
0.000 -0.200 3.370 0.000 -3.000 35.900
0.000 -0.200 3.370 0.000 -3.000 35.900
0.000 -0.200 3.370 0.000 -3.000 35.900
0.000 -0.200 3.370 0.000 -3.000 35.900
0.000 -0.200 3.370 0.000 -3.000 35.900
0.000 -0.200 3.370 0.000 -3.000 35.900
0.000 -0.200 3.370 5.614 -3.000 35.900
0.133 -0.200 3.370 0.000 -3.000 40.901
0.000 -0.368 3.370 0.000 -3.000 35.900
0.000 -0.200 3.370 0.000 -3.000 35.900
0.000 -0.200 3.370 0.000 -3.000 35.900
0.000 -0.200 3.370 0.000 -3.000 35.900
0.000 -0.200 3.370 0.000 -3.000 35.900
0.000 -0.200 3.370 0.000 -3.000 35.900
0.000 -0.200 3.370 0.000 -3.000 35.900
0.000 -0.200 3.370 0.000 -3.000 35.900
0.000 -0.200 3.370 0.000 -3.000 35.900
0.000 -0.200 3.370 0.000 -3.000 35.900
0.000 -0.200 3.370 0.000 -3.000 35.900
0.000 -0.200 3.370 0.000 -3.000 35.900
0.000 -0.200 3.370 0.000 -3.000 35.900
0.000 -0.200 3.370 0.000 -3.000 35.900
0.000 -0.200 3.370 0.000 -3.000 35.900
0.000 -0.200 3.370 0.000 -3.000 35.900
0.000 -0.200 3.370 0.000 -3.000 35.900
0.000 -0.200 3.370 0.000 -3.000 35.900
0.000 -0.200 3.370 0.000 -3.000 35.900
0.000 -0.200 3.370 0.000 -3.000 35.900
0.000 -0.200 3.370 0.000 -3.000 35.900
0.000 -0.200 3.370 0.000 -3.000 35.900
0.000 -0.200 3.370 0.000 -3.000 35.900
0.000 -0.200 3.370 0.000 -3.000 35.900
0.000 -0.200 3.370 0.000 -3.000 35.900
0.000 -0.200 3.665 0.000 -3.000 39.438
0.000 -0.200 3.370 0.000 -3.000 35.900
0.000 -0.200 3.370 0.000 -3.000 35.900
0.000 -0.200 3.370 0.000 -3.000 35.900
0.000 -0.200 3.370 0.000 -3.000 35.900
0.000 -0.200 3.370 0.000 -3.000 35.900
0.000 -0.200 3.370 0.000 -3.000 35.900
0.000 -0.200 3.370 0.000 -3.000 35.900
0.000 -0.200 3.370 0.000 -3.000 35.900
0.000 -0.200 3.370 0.000 -3.000 35.900
0.000 -0.200 3.370 0.000 -3.000 35.900
0.000 -0.200 3.370 -3.533 -3.000 35.900
0.000 -0.200 3.370 0.000 -3.000 35.900
0.000 -0.200 3.370 0.000 -3.000 35.900
0.000 -0.200 3.370 0.000 -3.000 35.900
0.000 -0.200 3.370 0.000 -3.000 35.900
0.000 -0.200 3.370 4.160 -4.742 35.900
0.000 -0.200 3.370 0.000 -3.000 35.900
0.000 -0.200 3.370 0.000 -3.000 35.900
0.000 -0.200 3.370 0.000 -3.000 35.900
0.000 -0.200 3.370 0.000 -3.000 35.900
0.000 -0.200 3.370 0.000 -3.000 35.900
0.000 -0.200 3.370 0.000 -3.000 35.900
0.000 -0.200 3.370 0.000 -3.000 35.900
0.000 -0.200 3.370 0.000 -3.000 35.900
0.000 -0.200 3.370 0.000 -3.000 35.900
0.000 -0.200 3.370 0.000 -3.000 35.900
0.000 -0.200 3.370 0.000 -3.000 35.900
0.000 -0.457 3.370 0.000 -3.000 35.900
0.000 -0.200 3.370 0.000 -3.000 35.900
0.000 -0.200 3.370 0.000 -3.000 35.900
0.000 -0.200 3.370 0.000 -3.000 35.900
0.000 -0.200 3.370 0.000 -3.000 35.900
0.000 -0.200 3.370 0.000 -3.000 35.900
0.000 -0.200 3.370 0.000 -3.000 35.900
0.000 -0.200 3.370 0.000 -3.000 35.900
0.000 -0.200 3.370 0.000 -3.000 35.900
0.000 -0.200 3.370 0.000 -3.000 35.900
0.000 -0.200 3.370 0.000 -3.000 35.900
0.000 -0.200 3.370 0.000 -3.000 35.900
0.000 -0.200 3.370 0.000 -3.000 35.900
0.000 -0.200 3.370 0.000 -3.000 35.900
0.000 -0.200 3.370 0.000 -3.000 35.900
0.000 -0.200 3.370 0.000 -3.000 35.900
0.000 -0.200 3.370 0.000 -3.000 35.900
0.000 -0.200 3.161 0.000 -3.000 40.346
0.000 -0.314 3.370 0.000 -3.000 32.421
0.000 -0.200 3.370 0.000 -3.000 35.900
0.000 -0.200 3.370 0.000 -3.000 35.900
0.000 -0.200 3.370 0.000 -3.000 35.900
0.000 -0.200 3.370 0.000 -3.000 35.900
0.000 -0.200 3.370 0.000 -3.000 35.900
0.000 -0.200 3.370 0.000 -3.000 35.900
0.000 -0.200 3.370 0.000 -3.000 35.900
0.000 -0.200 3.370 0.000 -3.000 35.900
0.000 -0.200 3.370 0.000 -3.000 35.900
0.000 -0.200 3.370 0.000 -3.000 35.900
0.000 -0.200 3.370 0.000 -3.000 35.900
0.000 -0.200 3.370 0.000 -3.000 35.900
0.000 -0.200 3.370 0.000 -3.000 35.900
0.000 -0.200 3.370 0.000 -3.000 35.900
0.000 -0.200 3.370 0.000 -3.000 35.900
0.000 -0.200 3.370 0.000 -3.000 35.900
-0.713 -0.200 3.359 0.000 -3.000 35.900
0.000 -0.200 3.370 -0.789 -9.454 31.636
0.000 -0.200 3.481 0.000 -0.387 35.900
0.000 -0.200 3.370 0.000 -3.000 35.900
0.000 -0.200 3.370 0.000 -3.000 35.900
0.000 -0.200 3.370 0.000 -3.000 35.900
0.000 -0.200 3.370 0.000 -3.000 35.900
0.000 -0.200 3.370 0.000 -3.000 35.900
0.000 -0.443 3.204 -0.646 -3.000 35.900
0.000 -0.200 3.370 0.000 -3.000 35.900
0.000 -0.200 3.370 0.000 -3.000 35.900
0.000 -0.200 3.370 0.000 -3.000 35.900
0.000 -0.200 3.370 0.000 -3.000 35.900
0.000 -0.200 3.370 0.000 -3.000 35.900
0.000 -0.200 3.370 0.000 -3.000 35.900
0.000 -0.200 3.370 0.000 -1.477 35.900
0.000 -0.200 3.370 0.000 -3.000 35.900
0.000 -0.200 3.370 0.000 -3.000 35.900
-0.424 -0.200 3.531 0.000 -3.000 37.620
0.000 -0.200 3.370 0.000 -3.000 35.900
0.000 -0.200 3.370 0.000 -3.000 35.900
0.000 -0.200 3.370 0.000 -3.000 35.900
0.000 -0.200 3.370 0.000 -3.000 35.900
0.000 -0.200 3.370 0.000 -3.000 35.900
0.000 -0.200 3.370 0.000 -3.000 35.900
0.000 -0.200 3.370 0.000 -3.000 35.900
0.000 -0.200 3.370 0.000 -2.174 35.900
0.000 -0.200 3.370 0.000 -3.000 35.900
0.000 -0.200 3.370 0.000 -3.000 35.900
0.000 -0.200 3.370 0.000 -3.000 35.900
0.000 -0.200 3.370 0.000 -3.000 35.900
0.000 -0.200 3.370 0.000 -3.000 35.900
0.000 -0.200 3.370 0.000 -3.000 35.900
0.000 -0.200 3.370 0.000 -3.000 35.900
0.000 -0.200 3.370 0.000 -3.000 35.900
0.000 -0.200 3.370 0.000 -3.000 35.900
0.000 -0.200 3.370 0.000 -3.000 35.900
0.000 -0.200 3.370 0.000 -3.000 35.900
0.000 -0.200 3.370 0.000 -3.000 35.900
0.000 -0.200 3.370 0.000 -3.000 35.900
0.000 -0.200 3.370 0.000 -3.000 35.900
0.000 -0.200 3.370 0.000 -3.000 35.900
0.000 -0.200 3.370 0.000 -3.000 35.900
0.000 -0.200 3.370 0.000 -3.000 35.900
0.000 -0.200 3.370 0.000 -3.000 35.900
0.000 -0.200 3.370 0.000 -3.000 35.900
0.000 -0.200 3.370 0.000 -3.000 35.900
0.000 -0.200 3.370 -0.003 -3.000 38.553
0.000 -0.200 3.370 0.000 -3.000 35.900
0.000 -0.200 3.370 0.000 -3.000 35.900
0.000 -0.200 3.165 0.000 -2.819 35.900
0.000 -0.200 3.370 0.000 -3.000 35.900
0.000 -0.200 3.370 -0.835 -3.000 31.261
0.000 -0.200 3.370 0.000 -3.000 35.900
0.000 -0.200 3.370 0.000 -3.000 35.900
0.000 -0.200 3.370 0.000 -3.000 35.900
0.000 -0.200 3.370 0.000 -3.000 35.900
0.000 -0.200 3.370 0.000 -3.000 35.900
0.000 -0.200 3.370 0.000 -3.000 35.900
0.000 -0.200 3.370 0.000 -3.000 35.900
0.000 -0.200 3.370 0.000 -3.000 35.900
0.000 -0.200 3.370 0.000 -3.000 35.900
0.000 -0.200 3.370 0.000 -3.000 35.900
0.000 -0.200 3.370 0.000 -3.000 35.900
0.000 -0.200 3.370 0.000 -3.000 35.900
0.000 -0.200 3.370 0.000 -3.000 35.900
0.000 -0.200 3.370 0.000 -3.000 35.900
0.000 -0.200 3.370 0.000 -3.000 35.900
0.000 -0.200 3.370 0.000 -3.000 35.900
0.000 -0.200 3.370 0.000 -3.000 35.900
0.000 -0.200 3.370 0.000 -3.000 35.900
0.000 -0.200 3.370 0.000 -3.000 35.900
0.000 -0.200 3.370 0.000 -3.000 35.900
0.000 -0.200 3.101 0.000 -9.421 39.058
0.000 -0.200 3.370 0.000 -3.000 35.900
0.000 -0.200 3.370 0.000 -3.000 35.900
0.000 -0.200 3.370 0.000 -3.000 35.900
0.000 -0.200 3.370 0.000 -3.000 35.900
0.000 -0.200 3.370 0.000 -3.000 35.900
0.000 -0.200 3.370 0.000 -3.000 35.900
0.000 -0.200 3.370 0.000 -3.000 35.900
0.000 -0.200 3.370 0.000 -3.000 35.900
0.000 -0.200 3.370 0.000 -3.000 35.900
0.000 -0.200 3.370 0.000 -3.000 35.900
0.000 -0.200 3.370 0.000 -3.000 35.900
0.000 -0.200 3.370 0.000 -3.000 35.900
0.000 -0.200 3.370 0.000 -3.000 35.900
0.000 -0.200 3.370 0.000 -3.000 35.900
0.000 -0.200 3.370 0.000 -3.000 35.900
0.000 -0.200 3.370 0.000 -3.000 35.900
0.000 -0.200 3.370 0.000 -3.000 35.900
0.000 -0.200 3.370 0.000 -3.000 35.900
0.000 -0.200 3.370 0.000 -3.000 35.900
0.000 -0.200 3.370 0.000 -3.000 35.900
0.000 -0.200 3.370 0.000 -3.000 35.900
0.000 -0.200 3.370 0.000 -3.000 35.900
0.000 -0.200 3.370 0.000 -3.000 35.900
0.000 -0.200 3.370 0.000 -3.000 35.900
0.000 -0.200 3.370 0.000 -3.000 35.900
0.000 -0.200 3.370 0.000 -1.215 35.900
0.000 -0.200 3.370 0.000 -3.000 35.900
0.000 -0.200 3.370 0.000 -3.000 35.900
0.000 -0.200 3.370 0.000 -3.000 35.900
0.000 -0.200 3.370 0.000 -3.000 35.900
0.000 -0.200 3.370 0.000 -3.000 35.900
0.000 -0.200 3.370 0.000 -3.000 35.900
0.000 -0.200 3.370 0.000 -3.000 35.900
0.000 -0.200 3.370 0.000 -3.000 35.900
0.000 -0.200 3.370 0.000 -3.000 35.900
0.000 -0.200 3.370 0.000 -3.000 35.900
0.000 -0.200 3.370 0.000 -3.000 35.900
0.000 -0.200 3.370 0.000 -3.000 35.900
0.000 -0.200 3.370 0.000 -3.000 35.900
0.000 -0.200 3.370 0.000 -3.000 35.900
0.000 -0.200 3.370 0.000 -3.000 35.900
0.000 -0.200 3.370 0.000 -3.000 35.900
0.000 -0.200 3.370 0.000 -3.000 35.900
0.000 -0.200 3.370 0.000 -3.000 35.900
0.000 -0.200 3.370 0.000 -3.000 35.900
0.000 -0.200 3.370 0.000 -3.000 35.900
0.000 -0.200 3.370 0.000 -3.000 35.900
0.000 -0.200 3.370 0.000 -3.000 35.900
0.000 -0.200 3.370 0.000 -3.000 35.900
0.000 -0.200 3.370 0.000 -3.000 35.900
0.000 -0.200 3.370 0.000 -3.000 35.900
0.000 -0.200 3.370 0.000 -3.000 35.900
0.000 -0.200 3.370 3.585 -3.000 35.900
0.000 -0.200 3.370 0.000 -3.000 35.900
0.000 -0.200 3.370 0.000 -3.000 35.900
0.000 -0.200 3.370 0.000 -3.000 35.900
0.000 -0.200 3.370 0.000 -3.000 35.900
0.000 -0.200 3.370 0.000 -3.000 35.900
0.000 -0.200 3.370 0.000 -3.000 35.900
0.000 -0.200 3.370 0.000 -3.000 35.900
0.000 -0.200 3.370 0.000 -3.000 35.900
0.000 -0.200 3.370 0.000 -3.000 35.900
0.000 -0.200 3.370 0.000 -3.000 35.900
0.000 -0.200 3.370 0.000 -3.000 35.900
0.000 -0.200 3.370 0.000 -3.000 35.900
0.000 -0.200 3.370 0.000 -3.000 35.900
0.000 -0.200 3.370 0.000 -3.000 35.900
0.000 -0.200 3.370 0.000 -3.000 35.900
0.000 -0.200 3.370 0.000 -3.000 35.900
0.000 -0.200 3.370 0.000 -3.000 35.900
0.000 -0.200 3.370 0.000 -3.000 35.900
0.000 -0.200 3.370 0.000 -3.000 35.900
0.000 -0.200 3.370 0.000 -3.000 35.900
0.000 -0.200 3.370 0.000 -3.000 35.900
0.000 -0.200 3.370 0.000 -3.000 35.900
0.000 -0.200 3.370 0.000 -3.000 35.900
0.000 -0.200 3.370 0.000 -3.000 35.900
0.000 -0.200 3.370 0.000 -3.000 35.900
0.000 -0.200 3.370 0.000 -3.000 35.900
0.000 0.198 3.370 0.000 -3.000 35.900
0.000 -0.200 3.370 0.000 -3.000 35.900
0.000 -0.200 3.370 0.000 -3.000 35.900
0.000 -0.200 3.370 0.000 -3.000 35.900
0.000 -0.200 3.370 0.000 -3.000 35.900
0.000 -0.200 3.370 0.000 -3.000 35.900
0.000 -0.200 3.370 0.000 -3.000 35.900
0.000 -0.200 3.370 0.000 -3.000 35.900
0.000 -0.200 3.370 0.000 -1.781 35.900
0.000 -0.200 3.370 0.000 -3.000 35.900
0.000 -0.200 3.081 0.000 -3.000 35.900
0.000 -0.200 3.370 0.000 -3.000 35.900
0.000 -0.200 3.370 0.000 -3.000 35.900
0.000 -0.200 3.370 0.000 -3.000 35.900
0.000 -0.200 3.370 0.000 -3.000 35.900
0.000 -0.200 3.370 0.000 -3.000 35.900
0.000 -0.200 3.370 0.000 -3.000 35.900
0.000 -0.200 3.370 0.000 -3.000 35.900
0.000 -0.200 3.370 0.000 -3.000 35.900
0.000 -0.200 3.370 0.000 -3.000 35.900
0.000 -0.200 3.370 0.000 -3.000 35.900
0.000 -0.200 3.370 0.000 -3.000 35.900
0.000 -0.200 3.370 0.000 -3.000 35.900
0.000 -0.200 3.370 0.000 -3.000 35.900
0.000 -0.200 3.370 0.000 -3.000 35.900
0.000 -0.200 3.585 0.000 2.643 35.900
0.000 -0.200 3.370 0.000 -3.000 35.900
0.000 -0.200 3.370 0.000 -3.000 35.900
0.000 -0.200 3.370 0.000 -3.000 35.900
0.000 -0.200 3.370 0.000 -3.000 35.900
0.000 -0.200 3.370 0.000 -3.000 35.900
0.000 -0.200 3.370 0.000 -3.000 35.900
0.000 -0.200 3.370 0.000 -3.000 35.900
0.000 -0.200 3.370 0.000 -3.000 35.900
0.000 -0.200 3.370 0.000 -3.000 35.900
0.000 -0.200 3.370 0.000 -3.000 35.900
0.000 -0.200 3.370 0.000 -3.000 35.900
0.000 -0.200 3.370 0.000 -3.000 35.900
0.000 -0.200 3.370 0.000 -3.000 35.900
0.000 -0.200 3.370 0.000 -3.000 35.900
0.000 -0.200 3.370 0.000 -3.000 35.900
0.000 -0.200 3.370 0.000 -3.000 35.900
0.000 -0.200 3.370 0.000 -3.000 35.900
0.000 -0.200 3.370 0.000 -3.000 35.900
0.000 -0.200 3.370 0.000 -3.000 35.900
0.000 -0.200 3.370 0.000 -3.000 35.900
0.000 -0.491 3.370 0.000 -3.000 35.900
0.000 -0.200 3.370 0.000 -3.000 35.900
0.000 -0.200 3.370 0.000 -3.000 35.900
0.000 -0.200 3.370 0.000 -3.000 35.900
0.000 -0.200 3.370 0.000 -3.000 35.900
0.000 -0.200 3.370 0.000 -3.000 35.900
0.000 -0.200 3.370 0.000 -3.000 35.900
0.000 -0.200 3.370 0.000 -3.000 35.900
0.000 -0.200 3.370 0.000 -3.000 35.900
0.000 -0.200 3.370 0.000 -3.000 35.900
0.000 -0.200 3.370 0.000 -3.000 35.900
0.000 -0.200 3.370 0.000 -3.000 35.900
0.000 -0.200 3.370 0.000 -3.000 35.900
0.000 -0.200 3.370 0.000 -3.000 35.900
0.000 -0.200 3.370 0.000 -3.000 35.900
0.000 -0.200 3.370 0.000 -3.000 35.900
0.000 -0.200 3.370 0.000 -3.000 35.900
0.000 -0.200 3.370 0.000 -3.000 35.900
0.000 -0.200 3.370 0.000 -3.000 35.900
0.000 -0.200 3.370 0.000 -3.000 35.900
0.000 -0.200 3.370 0.000 -3.000 35.900
0.000 -0.200 3.370 0.000 -3.000 35.900
0.000 -0.200 3.370 0.000 -3.000 35.900
0.000 -0.200 3.370 0.000 -3.000 35.900
0.000 -0.200 3.370 0.000 -3.000 35.900
0.000 -0.200 3.370 0.000 -3.000 35.900
0.000 -0.200 3.370 0.000 -3.000 35.900
0.000 -0.200 3.370 0.000 -3.000 35.900
0.000 -0.200 3.370 0.000 -3.000 35.900
0.000 -0.200 3.370 0.000 -3.000 35.900
0.000 -0.200 3.370 0.000 -3.000 35.900
0.000 -0.200 3.370 0.000 -3.000 35.900
0.000 -0.200 3.370 0.000 -3.000 35.900
0.000 -0.200 3.370 0.000 -3.000 35.900
0.000 -0.200 3.370 0.000 -3.000 35.900
0.000 -0.200 3.370 0.000 -3.000 35.900
0.000 -0.200 3.370 0.000 -3.000 35.900
0.000 -0.200 3.370 0.000 -3.000 35.900
0.000 -0.200 3.370 0.000 -3.000 35.900
0.000 -0.200 3.370 0.000 -3.000 35.900
0.000 -0.200 3.370 0.000 -3.000 35.900
0.000 -0.200 3.370 0.000 -3.000 35.900
0.000 -0.200 3.370 0.000 -3.000 35.900
0.000 -0.200 3.370 0.000 -3.000 35.900
0.000 -0.200 3.370 0.000 -3.000 35.900
0.000 -0.200 3.370 0.000 -3.000 35.900
0.000 -0.200 3.370 0.000 -3.000 35.900
0.000 -0.200 3.370 0.000 -3.000 35.900
0.000 -0.200 3.370 0.000 -3.000 35.900
0.000 -0.200 3.370 0.000 -3.000 32.069
0.000 -0.200 3.370 0.000 -3.000 35.900
0.000 -0.200 3.370 0.000 -3.000 35.900
0.000 -0.200 3.370 0.000 -3.000 35.900
0.000 -0.200 3.370 0.000 -3.000 35.900
0.000 -0.200 3.370 0.000 -3.000 35.900
0.000 -0.200 3.370 0.000 -3.000 35.900
0.000 -0.200 3.370 0.000 -3.000 35.900
0.000 -0.200 3.370 0.000 -3.000 35.900
0.000 -0.200 3.370 0.000 -3.000 35.900
0.000 -0.200 3.370 0.000 -3.000 35.900
0.000 -0.200 3.370 0.000 -3.000 35.900
0.000 -0.200 3.227 0.035 -3.000 35.900
0.000 -0.200 3.370 0.000 -3.000 35.900
0.000 -0.200 3.370 0.000 -3.000 32.057
0.000 -0.200 3.370 0.000 -3.000 35.900
0.000 -0.200 3.370 0.000 -3.000 35.900
0.000 -0.200 3.370 0.000 -3.000 35.900
0.000 -0.200 3.370 0.000 -3.000 35.900
0.000 -0.200 3.370 0.000 -3.000 35.900
0.000 -0.200 3.370 0.000 -3.000 35.900
0.000 -0.200 3.370 0.000 -3.000 35.900
0.000 -0.200 3.370 0.000 -3.000 35.900
0.000 -0.200 3.370 0.000 2.520 39.459
0.000 -0.200 3.370 0.000 -3.000 35.900
0.000 -0.200 3.370 0.000 -3.000 35.900
0.000 -0.200 3.370 0.000 -3.000 35.900
0.000 -0.200 3.370 0.000 -3.000 35.900
0.000 -0.200 3.370 0.000 -3.000 35.900
0.000 -0.200 3.370 0.000 -3.000 35.900
0.000 -0.200 3.370 0.000 -3.000 35.900
0.000 -0.200 3.370 0.000 -3.000 35.900
0.000 -0.200 3.370 0.000 -3.000 35.900
0.000 -0.200 3.370 0.000 -3.000 35.900
0.000 -0.200 3.370 0.000 -3.000 35.900
0.107 -0.756 3.370 0.000 -3.000 35.900
0.000 -0.200 3.370 0.000 -3.000 35.900
0.000 -0.200 3.370 0.000 -3.000 35.900
0.000 -0.200 3.370 0.000 -3.000 35.900
0.000 -0.200 3.370 0.000 -3.000 35.900
0.000 -0.200 3.370 0.000 -3.000 35.900
0.000 -0.200 3.370 0.000 -3.000 35.900
0.000 -0.200 3.370 0.000 -3.000 35.900
0.000 -0.200 3.370 0.000 -3.000 35.900
0.000 -0.200 3.370 0.000 -3.000 35.900
0.000 -0.200 3.370 0.000 -3.000 35.900
0.000 -0.200 3.370 0.000 -3.000 35.900
0.000 -0.200 3.370 0.000 -3.000 35.900
0.000 -0.200 3.370 0.000 -3.000 35.900
0.000 -0.200 3.370 0.000 -3.000 35.900
0.000 -0.200 3.370 0.000 -3.000 35.900
0.000 -0.200 3.370 0.000 -3.000 35.900
0.000 -0.200 3.370 0.000 -3.000 35.900
0.000 -0.200 3.370 0.000 -3.000 35.900
0.000 -0.200 3.370 0.000 -3.000 35.900
0.000 -0.200 3.370 0.000 -3.000 35.900
0.000 -0.200 3.370 0.000 -3.000 35.900
0.000 -0.200 3.370 0.000 -3.000 35.900
0.000 -0.200 3.370 0.000 -3.000 35.900
0.000 -0.200 3.057 0.000 3.221 35.900
0.000 -0.200 3.370 0.000 -3.000 35.900
0.000 -0.200 3.370 0.000 -3.000 35.900
0.000 -0.200 3.370 0.000 -3.000 35.900
0.000 -0.200 3.370 0.000 -3.000 35.900
0.788 -0.200 3.370 4.039 -3.000 35.900
0.000 -0.200 3.370 0.000 -3.000 35.900
0.000 -0.200 3.370 0.000 -3.000 35.900
0.000 -0.200 3.370 0.000 -3.000 35.900
0.000 -0.200 3.370 0.000 -3.000 35.900
0.000 -0.200 3.370 0.000 -3.000 35.900
0.000 -0.200 3.370 0.000 -3.000 35.900
0.000 -0.045 3.370 0.000 -3.000 35.900
0.000 -0.200 3.370 0.000 -3.000 35.900
0.000 -0.200 3.370 0.000 -3.000 35.900
0.000 -0.745 3.370 0.000 -3.000 35.900
0.000 -0.200 3.370 0.000 -3.000 35.900
0.000 -0.200 3.370 0.000 -3.000 35.900
0.000 -0.200 3.370 0.000 -3.000 35.900
0.000 -0.200 3.370 0.000 -3.000 35.900
0.000 -0.200 3.370 0.000 -3.000 35.900
0.000 -0.200 3.370 0.000 -3.000 35.900
0.000 -0.200 3.370 0.000 -3.000 35.900
0.000 -0.200 3.370 0.000 -3.000 35.900
0.000 -0.200 3.370 0.000 -3.000 35.900
0.000 -0.200 3.370 0.000 -3.000 35.900
0.000 -0.200 3.370 0.000 -3.000 35.900
-0.349 -0.200 3.370 0.000 1.366 41.383
0.000 -0.200 3.370 0.000 -3.000 35.900
0.000 -0.200 3.370 0.000 -3.000 35.900
0.000 -0.200 3.370 0.000 -3.000 35.900
0.000 -0.200 3.370 0.000 -3.000 35.900
0.000 -0.200 3.370 0.000 -3.000 35.900
0.000 -0.200 3.370 0.000 -3.000 35.900
0.000 -0.200 3.370 0.000 -3.000 35.900
0.000 -0.200 3.370 0.000 -3.000 35.900
0.000 -0.200 3.370 0.000 -3.000 35.900
0.000 0.676 3.370 0.000 -3.000 35.900
0.000 -0.200 3.370 0.000 -3.000 35.900
0.000 -0.200 3.370 0.000 -3.000 35.900
0.000 -0.200 3.370 0.000 -3.000 35.900
0.000 -0.200 3.370 0.000 -3.000 35.900
0.000 -0.200 3.370 0.000 -3.000 35.900
0.115 -0.200 3.370 0.000 -3.000 34.856
0.000 -0.200 3.370 0.000 -3.000 35.900
0.000 -0.200 3.370 0.000 -3.000 35.900
0.000 -0.200 3.370 0.000 -3.000 35.900
0.000 -0.200 3.370 0.000 -3.000 35.900
0.000 -0.200 3.370 0.000 -3.000 35.900
0.000 -0.200 3.370 0.000 -3.000 35.900
0.000 -0.200 3.370 0.000 -3.000 35.900
0.000 -0.200 3.370 0.000 -3.000 35.900
0.000 -0.200 3.370 1.041 -3.000 35.900
0.000 -0.200 3.370 0.000 -3.000 35.900
0.000 -0.200 3.370 0.000 -3.000 35.900
0.000 -0.200 3.370 0.000 -3.000 35.900
0.000 -0.200 3.370 0.000 -3.000 35.900
0.000 -0.200 3.370 0.000 -3.000 35.900
0.000 -0.200 3.370 0.000 -3.000 35.900
0.000 -0.200 3.370 0.000 -3.000 35.900
0.000 -0.200 3.370 0.000 -3.000 35.900
0.000 -0.200 3.370 0.000 -3.000 35.900
0.000 -0.200 3.370 0.000 -3.000 35.900
0.000 -0.200 3.370 0.000 -3.000 35.900
0.000 -0.200 3.370 0.000 -3.000 35.900
0.000 -0.200 3.370 0.000 -3.000 35.900
0.000 -0.200 3.370 0.000 -3.000 35.900
0.000 -0.200 3.370 0.000 -3.000 35.900
0.000 -0.200 3.370 0.000 -3.000 35.900
0.000 -0.200 3.370 0.000 -3.000 35.900
0.000 -0.200 3.370 0.000 -3.000 35.900
0.000 -0.200 3.370 0.000 -3.000 35.900
0.000 -0.200 3.370 0.000 -3.000 35.900
0.000 -0.200 3.370 0.000 -3.000 35.900
0.000 -0.200 3.370 0.000 -3.000 35.900
0.000 -0.200 3.370 0.000 -3.000 35.900
0.789 -0.200 3.370 0.000 -3.000 35.900
0.000 -0.200 3.370 0.000 -3.000 35.900
0.000 -0.200 3.370 0.000 -3.000 35.900
0.000 -0.200 3.370 0.000 -3.000 35.900
0.000 -0.200 3.370 0.000 -3.000 35.900
0.000 -0.200 3.370 0.000 -3.000 35.900
0.000 -0.200 3.370 0.000 -3.000 35.900
0.000 -0.200 3.370 0.000 -3.000 35.900
0.000 -0.200 3.370 0.000 -3.000 35.900
0.151 0.305 3.370 0.000 -8.551 35.900
0.000 -0.200 3.370 0.000 -3.000 35.900
0.000 -0.200 3.370 0.000 -3.000 35.900
0.000 -0.200 3.370 0.000 -3.000 35.900
0.000 0.091 3.370 0.168 -3.000 35.900
0.000 -0.200 3.370 0.000 -3.000 35.900
0.000 -0.200 3.370 0.000 -3.000 35.900
0.000 -0.200 3.370 0.000 -3.000 35.900
0.000 -0.200 3.370 0.000 -3.000 35.900
0.000 -0.200 3.370 0.000 -3.000 35.900
0.000 -0.200 3.370 0.000 -3.000 35.900
0.000 -0.200 3.370 0.000 -3.000 35.900
0.000 -0.200 3.370 0.000 -3.000 35.900
0.000 -0.200 3.370 0.000 -3.000 35.900
0.000 -0.200 3.084 0.000 -3.000 35.900
0.000 -0.200 3.370 0.000 -3.000 35.900
0.000 -0.200 3.370 0.000 -3.000 35.900
0.000 -0.200 3.370 0.000 -3.000 35.900
0.000 -0.200 3.370 0.000 -3.000 35.900
0.000 -0.200 3.370 0.000 -3.000 35.900
0.000 -0.200 3.370 0.000 -3.000 35.900
0.000 -0.200 3.370 0.000 -3.000 35.900
0.000 -0.200 3.370 0.000 -3.000 35.900
0.000 -0.200 3.370 0.000 -3.000 35.900
0.000 -0.200 3.370 0.000 -3.000 35.900
0.000 -0.200 3.370 0.000 -3.000 35.900
-0.638 -0.200 3.370 -3.273 -3.000 35.946
0.000 -0.200 3.370 0.000 -3.000 35.900
-0.344 -0.200 3.395 0.000 -3.000 35.900
0.000 -0.200 3.370 0.000 1.503 35.900
0.000 -0.200 3.370 1.153 -3.000 35.900
0.000 -0.200 3.370 0.000 -3.000 35.900
0.000 -0.200 3.370 0.000 -3.000 35.900
0.000 -0.200 3.370 0.000 -3.000 35.900
0.000 -0.200 3.370 0.000 -3.000 35.900
0.000 -0.200 3.370 0.000 -3.000 35.900
0.000 -0.200 3.370 0.000 -3.000 35.900
0.000 -0.200 3.370 0.000 -3.000 35.900
0.000 -0.200 3.370 0.000 -9.746 35.900
0.000 -0.200 3.370 0.000 -3.000 35.900
0.000 -0.200 3.370 0.000 -3.000 35.900
0.000 -0.200 3.370 0.000 -3.000 35.900
0.000 -0.200 3.370 0.000 -3.000 35.900
0.000 -0.200 3.370 0.000 -3.000 35.900
0.000 -0.200 3.370 0.000 -3.000 35.900
0.000 -0.200 3.370 0.000 -3.000 35.900
0.000 -0.116 3.370 -0.295 -3.000 40.902
0.000 -0.200 3.370 0.000 -3.000 35.900
0.000 -0.200 3.370 0.000 -3.000 35.900
0.000 -0.200 3.370 0.000 -3.000 35.900
0.000 -0.200 3.370 0.000 -3.000 35.900
0.000 -0.200 3.370 0.000 -3.000 35.900
0.000 -0.200 3.370 0.000 -3.000 35.900
0.000 -0.200 3.370 0.000 -3.000 35.900
0.000 -0.200 3.370 0.000 -3.000 35.900
0.000 -0.200 3.370 0.000 -3.000 35.900
0.000 -0.200 3.370 0.000 -3.000 35.900
0.000 -0.200 3.370 0.000 -3.000 35.900
0.000 -0.200 3.370 0.000 -3.000 35.900
0.000 -0.200 3.370 0.000 -3.000 35.900
0.000 -0.200 3.370 0.000 -3.000 35.900
0.000 -0.200 3.370 0.000 -3.000 35.900
0.000 -0.200 3.370 0.000 -3.000 35.900
0.000 -0.200 3.370 0.000 -3.000 35.900
0.000 -0.200 3.370 0.000 -3.000 35.900
0.000 -0.200 3.370 0.000 -3.000 35.900
0.000 -0.200 3.370 0.000 -3.000 35.900
0.000 -0.200 3.370 0.000 -3.000 35.900
0.000 -0.200 3.370 0.000 -3.000 35.900
0.000 -0.200 3.370 0.000 -3.000 35.900
0.000 -0.200 3.370 0.000 -3.000 35.900
0.000 -0.200 3.370 0.000 -3.000 35.900
0.000 -0.200 3.370 0.000 -3.000 35.900
0.000 -0.200 3.370 0.000 -3.000 35.900
0.000 -0.200 3.370 0.000 -3.000 35.900
0.000 -0.200 3.370 0.000 -3.000 35.900
0.000 -0.200 3.370 0.000 -3.000 35.900
0.000 -0.200 3.370 0.000 -3.000 35.900
0.000 -0.200 3.370 0.000 -3.000 35.900
0.000 -0.200 3.370 0.000 -3.000 35.900
0.000 -0.200 3.370 0.000 -3.000 35.900
0.000 -0.200 3.370 0.000 -3.000 35.900
0.345 -0.200 3.370 0.000 -3.000 35.900
-0.571 -0.200 3.370 0.000 -3.000 32.842
0.000 -0.200 3.370 0.000 -3.000 35.900
0.000 -0.200 3.370 0.000 -3.000 35.900
0.000 -0.200 3.370 0.000 -3.000 35.900
0.000 -0.200 3.370 0.000 -3.000 35.900
0.000 -0.200 3.370 0.000 -3.000 35.900
0.000 -0.200 3.370 0.000 -3.000 35.900
0.000 -0.200 3.370 0.000 -3.000 35.900
0.000 -0.200 3.370 0.000 -3.000 35.900
0.000 -0.200 3.370 0.000 -3.000 35.900
0.000 -0.200 3.370 0.000 -3.000 35.900
0.000 -0.200 3.370 0.000 -3.000 35.900
0.000 -0.200 3.370 0.000 4.238 36.941
0.000 -0.200 2.990 0.000 -8.094 34.650
0.000 -0.200 3.370 0.000 -3.000 35.900
0.000 -0.200 3.370 0.000 -3.000 35.900
0.000 -0.200 3.370 0.000 -3.000 35.900
0.000 -0.200 3.370 0.000 -3.000 35.900
0.000 -0.200 3.370 0.000 -3.000 35.900
0.000 -0.200 3.370 0.000 -3.000 35.900
0.000 -0.200 3.370 0.000 -3.000 35.900
0.000 -0.200 3.370 0.000 -3.000 35.900
0.000 -0.200 3.370 0.000 -3.000 37.178
0.000 -0.200 3.370 0.000 -3.000 35.900
0.000 -0.200 3.370 0.000 -3.000 35.900
0.000 -0.200 3.370 0.000 -3.000 35.900
0.000 -0.200 3.370 0.000 -3.000 35.900
0.000 -0.200 3.370 0.000 -3.000 35.900
0.000 -0.200 3.370 0.000 -3.000 35.900
0.500 -0.200 3.046 -1.454 -3.000 35.900
0.000 -0.200 3.370 0.000 -3.000 35.900
0.000 -0.200 3.370 0.000 -3.000 35.900
0.000 -0.200 3.370 0.000 -3.000 35.900
0.000 -0.200 3.370 0.000 -3.000 35.900
0.000 -0.517 3.370 0.000 -2.866 35.900
0.000 -0.200 3.370 0.000 -3.000 35.900
0.000 -0.200 3.370 0.000 -3.000 35.900
0.081 -0.200 3.370 4.718 -3.000 35.900
0.000 -0.200 3.370 0.000 -3.000 35.900
0.000 0.472 3.370 0.000 3.800 35.900
0.000 -0.200 3.370 0.000 -3.000 35.900
0.000 -0.200 3.370 0.000 -3.000 35.900
0.000 -0.200 3.370 0.000 -3.000 35.900
0.000 -0.200 3.370 0.000 -3.000 35.900
0.000 0.121 3.565 0.000 -0.389 35.900
0.000 -0.200 3.370 0.000 -3.000 35.900
0.000 -0.789 3.679 0.000 -5.878 35.900
0.000 -0.200 3.370 0.000 -3.000 35.900
0.000 -0.200 3.370 0.000 -3.000 35.900
0.000 -0.200 3.370 0.000 -3.000 35.900
0.000 -0.200 3.370 0.000 -3.000 35.900
0.000 -0.200 3.370 0.000 -3.000 35.900
0.000 -0.200 3.370 0.000 -3.000 35.900
0.000 -0.200 3.370 0.000 -3.000 35.900
0.000 -0.200 3.370 0.000 -3.000 35.900
0.000 -0.200 3.370 0.000 -3.000 35.900
0.000 -0.200 3.370 0.000 -3.000 35.900
0.000 0.226 3.370 -3.425 -3.000 29.310
0.000 -0.200 3.370 0.000 -3.000 35.900
0.000 -0.200 3.370 0.000 -3.000 35.900
0.000 -0.200 3.370 0.000 -3.000 35.900
0.000 -0.200 3.370 0.000 -3.000 35.900
0.000 -0.200 3.370 0.000 -3.000 35.900
0.000 -0.200 3.370 0.000 -3.000 35.900
0.000 -0.200 3.370 0.000 -3.000 35.900
0.000 -0.200 3.370 0.000 -3.000 35.900
0.000 -0.200 3.370 0.000 -3.000 35.900
0.000 -0.200 3.370 0.000 -3.000 35.900
0.000 -0.200 3.370 0.000 -3.000 35.900
0.000 -0.200 3.370 0.000 -3.000 35.900
0.000 -0.200 3.370 0.000 -3.000 35.900
0.000 -0.200 3.370 0.000 -3.000 35.900
0.000 -0.200 3.370 0.000 -3.000 35.900
0.000 -0.200 3.370 0.000 -3.000 35.900
0.000 -0.200 3.370 0.000 -3.000 35.900
0.000 -0.200 3.370 0.000 -3.000 35.900
0.000 -0.200 3.516 0.000 -3.000 35.900
0.000 -0.200 3.370 0.000 -3.000 35.900
0.000 -0.200 3.370 0.000 -4.823 35.900
-0.277 -0.200 3.215 0.000 -3.000 35.900
0.000 -0.200 3.370 0.000 -3.000 35.900
0.000 -0.200 3.370 0.000 -3.000 35.900
0.000 -0.200 3.370 0.000 -3.000 35.900
0.000 -0.200 3.370 0.000 -3.000 35.900
0.000 -0.200 3.370 0.000 -3.000 35.900
0.000 -0.200 3.370 0.000 -3.000 35.900
0.000 -0.861 3.507 0.000 -3.933 35.900
0.000 -0.200 3.370 0.000 -3.000 35.900
0.000 -0.200 3.370 0.000 -3.000 35.900
0.000 -0.200 3.370 0.000 -3.000 35.900
0.000 -0.200 3.370 0.000 -3.000 35.900
0.000 -0.200 3.370 0.000 -3.000 35.900
0.000 -0.200 3.370 0.000 -3.000 35.900
0.000 -0.200 3.370 0.000 -3.000 35.900
0.000 -0.200 3.370 0.000 -3.000 35.900
0.000 -0.200 3.370 0.000 -3.000 35.900
0.000 -0.200 3.370 0.000 -3.000 35.900
0.000 -0.200 3.370 0.000 -3.000 35.900
0.000 -0.200 3.370 0.000 -3.000 35.900
0.000 0.457 3.370 0.000 -3.000 35.900
0.000 -0.200 3.370 0.000 -3.000 35.900
0.000 -0.200 3.370 0.000 -3.000 35.900
0.000 -0.200 3.370 0.000 -3.000 35.900
0.000 -0.200 3.370 0.000 -3.000 35.900
0.000 -0.200 3.370 0.000 -3.000 35.900
0.000 -0.200 3.370 0.000 -3.000 35.900
0.000 -0.200 3.370 0.000 -3.000 35.900
0.000 -0.200 3.370 0.000 -3.000 35.900
0.000 -0.200 3.370 0.000 -3.000 35.900
0.000 -0.200 3.370 0.000 -3.000 35.900
0.000 -0.200 3.370 0.000 -3.000 35.900
0.000 -0.200 3.370 0.000 -3.000 35.900
0.000 -0.200 3.370 0.000 -3.000 35.900
0.000 -0.200 3.370 0.000 -3.000 35.900
0.000 -0.200 3.370 0.000 -3.000 35.900
0.000 -0.200 3.370 0.000 -3.000 35.900
0.000 -0.200 3.370 0.000 -3.000 35.900
0.000 -0.200 3.370 0.000 -3.000 35.900
0.000 -0.200 3.370 0.000 -3.000 35.900
0.000 -0.200 3.370 0.000 -3.000 35.900
0.000 -0.200 3.370 0.000 -3.000 35.900
0.000 -0.200 3.370 0.000 -3.000 35.900
0.000 -0.200 3.370 0.000 -3.000 35.900
0.000 -0.200 3.370 0.000 -3.000 35.900
0.000 -0.200 3.370 0.000 -3.000 35.900
0.000 -0.200 3.370 0.000 -3.000 35.900
0.000 -0.200 3.370 0.000 -3.000 35.900
0.000 -0.200 3.370 0.000 -3.000 35.900
0.000 -0.200 3.370 0.000 -3.000 35.900
0.000 -0.200 3.370 0.000 -3.000 35.900
0.000 -0.200 3.370 0.000 -3.000 35.900
0.000 -0.200 3.370 0.000 -3.000 35.900
0.000 -0.200 3.370 0.000 -3.000 35.900
0.000 -0.200 3.370 0.000 -3.000 35.900
0.000 -0.200 3.370 0.000 -3.000 35.900
0.000 -0.200 3.370 0.000 -3.000 35.900
0.000 -0.200 3.370 0.000 -3.000 41.008
0.000 -0.200 3.370 0.000 -3.000 35.900
0.000 -0.200 3.370 0.000 -3.000 35.900
0.000 -0.200 3.370 0.000 -1.930 35.900
0.000 -0.200 3.370 0.000 -3.000 35.900
0.000 -0.200 3.370 0.000 -3.000 35.900
0.257 -0.534 3.370 0.000 -3.000 35.900
0.000 -0.200 3.370 0.000 -3.000 35.900
0.000 -0.200 3.370 0.000 -3.000 35.900
0.000 -0.200 3.370 0.000 -3.000 35.900
0.000 -0.200 3.370 0.000 -3.000 35.900
0.000 -0.200 3.370 0.000 -3.000 35.900
0.000 -0.200 3.370 0.000 -3.000 35.900
0.000 -0.200 3.370 0.000 -3.000 35.900
0.000 -0.200 3.370 0.000 -3.000 35.900
0.000 -0.200 3.370 0.000 -3.000 35.900
0.000 -0.200 3.370 0.000 -3.000 35.900
0.000 -0.200 3.370 0.000 -3.000 35.900
0.000 -0.200 3.370 0.000 -3.000 35.900
0.000 -0.200 3.370 0.000 -3.000 35.900
0.000 -0.200 3.370 0.000 -3.000 35.900
0.000 -0.200 3.370 0.000 -3.000 35.900
0.000 -0.519 3.308 1.246 -3.000 35.900
0.000 -0.200 3.370 0.000 -3.000 35.900
0.000 -0.200 3.370 0.000 -3.000 35.900
0.000 -0.200 3.370 0.000 -3.000 35.900
0.000 -0.200 3.370 0.000 -3.000 35.900
0.000 -0.200 3.370 0.000 -3.000 35.900
0.000 -0.200 3.370 0.000 -3.000 35.900
0.000 -0.200 3.370 0.000 -3.000 35.900
0.000 -0.200 3.276 0.000 0.517 35.463
0.000 -0.340 3.263 0.000 -3.000 35.900
0.000 -0.200 3.370 0.000 -3.000 35.900
0.273 -0.599 3.370 0.000 -3.000 35.900
0.000 -0.200 3.370 0.000 -3.000 35.900
0.000 -0.200 3.370 0.000 -3.000 35.900
0.000 -0.200 3.370 0.000 -3.000 35.900
0.000 -0.200 3.370 0.000 -3.000 35.900
0.000 -0.200 3.370 0.000 -3.000 35.900
0.000 -0.200 3.370 0.000 -3.000 35.900
0.000 -0.200 3.370 0.000 -3.000 35.900
0.000 -0.200 3.370 0.000 -3.000 35.900
0.000 -0.200 3.370 0.000 -3.000 35.900
0.000 -0.200 3.370 0.000 -3.000 35.900
0.000 -0.200 3.370 0.000 -3.000 35.900
0.000 -0.200 3.370 0.000 -3.000 35.900
0.036 -0.200 3.223 0.000 -3.000 35.900
0.000 -0.200 3.370 0.000 -3.000 35.900
0.000 -0.671 3.370 0.000 -3.000 35.900
0.000 -0.200 3.370 0.000 -3.000 35.900
0.000 -0.200 3.370 0.000 -3.000 35.900
0.000 -0.200 3.370 0.000 -3.000 35.900
0.000 -0.200 3.370 0.000 -3.000 35.900
0.000 -0.200 3.370 0.000 -3.000 35.900
0.000 -0.200 3.370 0.000 -3.000 35.900
0.000 -0.200 3.370 0.000 -3.000 35.900
0.000 -0.200 3.348 0.000 -3.000 35.900
0.000 -0.200 3.370 0.000 -3.000 35.900
0.000 -0.200 3.370 0.000 -3.000 35.900
0.000 -0.200 3.370 0.000 -3.000 35.900
0.000 -0.200 3.370 0.000 -3.000 35.900
0.000 -0.200 3.370 0.000 -3.000 35.900
0.000 -0.200 3.370 0.000 -3.000 35.900
0.000 -0.200 3.370 0.000 -3.000 35.900
0.000 -0.200 3.370 0.000 -3.000 32.542
0.000 -0.200 3.370 0.000 -3.000 35.900
0.000 -0.200 3.370 0.000 -3.000 35.900
0.000 -0.200 3.370 0.000 -3.000 35.900
0.000 -0.200 3.370 0.000 -3.000 35.900
0.000 -0.200 3.370 0.000 -3.000 35.900
0.000 -0.200 3.370 0.000 -3.000 35.900
0.000 -0.200 3.370 0.000 -3.000 35.900
0.000 -0.200 3.370 0.000 -3.000 35.900
0.000 -0.200 3.370 0.000 -3.000 35.900
0.000 -0.200 3.370 0.000 -3.000 35.900
0.000 -0.200 3.370 0.000 -3.000 35.900
0.000 -0.200 3.370 0.000 -3.000 35.900
0.000 -0.200 3.370 0.000 -3.000 35.900
0.000 -0.200 3.370 0.000 -3.000 35.900
0.000 -0.200 3.370 0.000 -3.000 30.919
0.000 -0.200 3.370 0.000 -3.000 35.900
0.000 -0.200 3.370 0.000 -3.000 35.900
0.000 -0.200 3.370 0.000 -3.000 35.900
0.000 -0.200 3.370 0.000 -3.000 35.900
0.000 -0.200 3.370 0.000 -3.000 35.900
0.000 -0.200 3.370 0.000 -3.000 35.900
0.000 -0.200 3.370 0.000 -3.000 35.900
0.000 -0.200 3.370 0.000 -3.000 35.900
0.000 -0.200 3.370 0.000 -3.000 35.900
0.000 -0.200 3.370 0.000 -3.000 35.900
0.000 -0.200 3.370 0.000 -3.000 35.900
0.000 -0.200 3.370 0.000 -3.000 35.900
0.000 -0.200 3.370 0.000 -3.000 35.900
0.000 -0.200 3.370 0.000 -3.000 35.900
0.000 -0.200 3.159 1.043 -3.000 35.743
0.000 -0.200 3.370 0.000 -1.716 35.900
0.000 -0.200 3.370 0.000 -3.000 35.900
0.000 -0.200 3.224 0.000 -3.000 32.440
0.000 -0.200 3.370 0.000 -3.000 35.900
0.000 -0.200 3.370 0.000 -3.000 35.900
0.000 -0.200 3.370 0.000 -3.000 35.900
0.000 -0.200 3.370 0.000 -3.000 35.900
0.000 -0.200 3.370 0.000 -3.000 35.900
0.000 -0.200 3.370 0.000 -3.000 35.900
0.000 -0.200 3.370 0.000 -3.000 35.900
0.000 -0.200 3.370 0.000 -3.000 35.900
0.000 -0.200 3.370 0.000 -3.000 35.900
0.000 -0.200 3.370 0.000 -3.000 36.757
-0.810 -0.200 3.370 0.000 -3.000 35.900
0.000 -0.200 3.370 0.000 -3.000 35.900
0.000 -0.200 3.370 0.000 -3.000 35.900
0.000 -0.200 3.370 0.000 -3.000 35.900
-0.449 -0.200 3.370 0.000 -3.000 39.101
0.000 -0.200 3.370 0.000 -3.000 35.807
0.000 -0.200 3.370 0.000 -3.000 35.900
0.000 -0.200 3.370 0.000 -3.000 35.900
0.000 -0.200 3.370 0.000 -3.000 35.900
0.000 -0.200 3.370 0.000 -3.000 35.900
0.000 -0.200 3.370 0.000 -3.000 35.900
0.000 -0.200 3.370 0.000 -3.000 35.900
0.000 -0.200 3.370 0.000 -3.000 35.900
0.000 -0.200 3.370 0.000 -3.000 35.900
0.000 -0.200 3.370 0.000 -3.000 35.900
0.000 -0.200 3.370 0.000 -3.000 35.900
0.000 -0.200 3.370 0.000 -3.000 35.900
0.000 -0.200 3.370 0.000 -3.000 35.900
0.000 -0.200 3.370 0.000 -3.000 35.900
0.000 -0.200 3.370 0.000 -3.000 35.900
0.000 -0.200 3.370 5.324 -3.000 35.900
0.000 -0.200 3.370 0.000 -3.000 35.900
0.000 -0.200 3.370 0.000 -3.000 35.900
0.000 -0.200 3.370 0.000 -3.000 35.900
0.000 -0.200 3.370 0.000 -3.000 35.900
0.000 -0.200 3.370 0.000 -3.000 35.900
0.000 -0.200 3.370 0.000 -3.000 35.900
0.000 -0.200 3.370 0.000 -3.000 35.900
0.000 -0.200 3.370 0.000 -3.000 35.900
0.000 -0.200 3.370 0.000 -3.000 35.900
0.000 -0.200 3.370 0.000 -3.000 35.900
0.000 -0.200 3.370 0.000 -3.000 35.900
0.000 -0.200 3.370 0.000 -3.000 35.900
0.000 -0.200 3.370 0.000 -3.000 35.900
0.000 -0.200 3.370 0.000 -3.000 35.900
0.000 -0.200 3.388 0.000 0.410 35.900
0.000 -0.200 3.370 0.000 -3.000 35.900
0.000 -0.200 3.370 0.000 -3.000 35.900
0.000 -0.200 3.370 0.000 -3.000 35.900
0.000 -0.200 3.370 0.000 -3.000 35.900
0.000 -0.200 3.370 0.000 -3.000 35.900
0.000 -0.200 3.633 0.000 -3.000 41.696
0.000 -0.200 3.370 0.000 -3.000 35.900
-0.658 -0.200 3.370 0.000 -3.000 30.983
0.000 -0.200 3.370 0.000 -3.000 35.900
0.000 -0.200 3.339 0.000 -3.000 35.900
0.000 -0.200 3.370 0.000 -3.000 35.900
0.000 -0.200 3.370 0.000 -3.000 35.900
0.000 -0.200 3.370 0.000 -3.000 35.900
0.000 -0.200 3.370 0.000 -3.000 35.900
0.000 -0.200 3.370 0.000 -3.000 35.900
-0.780 -0.200 3.370 0.000 -3.000 35.900
0.000 -0.200 3.370 0.000 -3.000 35.900
0.000 -0.200 3.370 0.000 -3.000 35.900
0.000 -0.200 3.370 0.000 -3.000 35.900
0.000 -0.200 3.370 0.000 -3.000 35.900
0.000 -0.200 3.370 -0.215 -3.000 35.900
0.000 -0.200 3.370 0.000 -3.000 35.900
0.000 -0.200 3.370 0.000 -3.000 35.900
0.992 -0.674 3.370 0.000 -3.000 35.900
0.000 -0.200 3.370 0.000 -3.000 35.900
0.000 -0.200 3.370 0.000 -3.000 35.900
1.515 -0.200 3.370 0.000 -3.000 35.900
0.000 -0.200 3.370 0.000 -3.000 35.900
0.000 -0.200 3.370 0.000 -3.000 35.900
0.000 -0.200 3.370 0.000 -3.000 35.900
0.000 -0.200 3.370 0.000 -3.000 35.900
0.000 -0.200 3.370 0.000 -3.000 35.900
0.000 -0.200 3.370 0.000 -3.000 35.900
0.000 -0.200 3.370 0.000 -3.000 35.900
0.000 -0.200 3.370 0.000 -3.000 35.900
0.000 -0.200 3.370 0.000 -3.000 35.900
0.645 -0.200 3.370 0.000 -3.000 35.900
0.000 -0.200 3.370 0.000 -3.000 35.900
0.000 -0.200 3.370 0.000 -3.000 35.900
0.000 -0.200 3.370 0.000 -3.000 35.900
0.000 -0.200 3.370 0.000 -3.000 35.900
0.000 -0.200 3.370 0.000 -3.000 35.900
0.000 -0.200 3.370 0.000 -3.000 35.900
0.000 -0.200 3.370 0.000 -3.000 35.900
0.000 -0.200 3.370 0.000 -3.000 35.900
0.000 -0.200 3.370 0.000 -3.000 35.900
0.000 -0.200 3.370 0.000 -3.000 35.900
0.000 -0.200 3.370 0.000 -3.000 35.900
0.000 -0.200 3.370 0.000 -3.000 35.900
0.000 -0.200 3.370 0.000 -3.000 35.900
0.000 -0.200 3.370 0.000 -3.000 35.900
0.000 -0.200 3.370 0.000 -3.000 35.900
0.000 -0.200 3.370 0.000 -3.000 35.900
0.000 -0.200 3.370 0.000 -3.000 35.900
0.000 -0.200 3.370 0.000 -3.000 35.900
0.000 0.135 3.370 0.000 -3.000 30.906
0.000 -0.200 3.370 0.000 -3.000 35.900
0.000 -0.200 3.370 0.000 -3.000 35.900
0.000 -0.200 3.370 0.000 -3.000 35.900
0.000 -0.200 3.370 0.000 -3.000 35.900
0.000 -0.200 3.370 2.778 -3.000 36.145
0.000 -0.200 3.370 0.000 -3.000 35.900
0.000 -0.200 3.370 0.000 -3.000 35.900
0.000 -0.200 3.370 0.000 -3.000 35.900
0.000 -0.200 3.370 0.000 -3.000 35.900
0.000 -0.200 3.370 0.000 -3.000 35.900
0.000 -0.200 3.370 0.000 -3.000 35.900
0.000 -0.200 3.370 0.000 -3.000 35.900
0.000 0.253 3.393 0.000 -3.000 39.755
0.000 -0.200 3.370 0.000 -3.000 35.900
0.000 -0.200 3.370 0.000 -3.000 35.900
0.000 -0.200 3.370 0.000 -3.000 35.900
0.000 -0.200 3.370 0.000 -3.000 35.900
0.000 -0.200 3.370 0.000 -3.000 35.900
0.000 -0.200 3.370 0.000 -3.000 35.900
0.000 -0.200 3.370 0.000 -3.000 35.900
0.000 -0.200 3.370 0.000 -3.000 35.900
0.000 -0.200 3.370 0.000 -3.000 35.900
0.000 -0.200 3.370 0.000 -3.000 35.900
0.000 -0.200 3.370 0.000 -3.000 35.900
0.000 -0.200 3.370 0.000 -3.000 35.900
0.000 -0.200 3.370 0.000 -3.000 35.900
0.000 -0.200 3.370 0.000 -3.000 35.900
0.000 -0.200 3.370 0.000 -3.000 35.900
0.000 -0.200 3.370 0.000 -3.000 35.900
0.000 -0.200 3.370 0.000 -3.000 35.900
0.000 -0.200 3.370 0.000 -3.000 35.900
0.000 -0.200 3.370 0.000 -3.000 35.900
0.000 -0.200 3.370 0.000 -3.000 35.900
0.000 -0.200 3.370 0.000 -3.000 35.900
0.000 -0.332 3.313 0.000 -3.000 35.900
0.000 -0.200 3.370 0.000 -3.000 35.900
0.000 -0.200 3.370 0.000 -3.000 35.900
0.000 -0.200 3.370 0.000 -3.000 35.900
0.000 -0.200 3.370 0.000 -3.000 35.900
0.000 -0.200 3.370 0.000 -3.000 35.900
0.000 -0.200 3.370 0.000 -3.000 35.900
0.000 -0.200 3.370 0.000 -3.000 35.900
0.000 -0.200 3.370 0.000 -3.000 35.900
0.000 -0.200 3.370 0.000 -3.000 35.900
0.000 -0.200 3.370 0.000 -3.000 35.900
0.000 -0.200 3.370 0.000 -3.000 35.900
0.000 -0.200 3.370 0.000 -3.000 35.900
0.000 -0.200 3.370 0.000 -3.000 35.900
0.000 -0.200 3.370 0.000 -3.000 35.900
0.000 -0.200 3.370 0.000 -3.000 35.900
0.000 -0.200 3.370 0.000 -3.000 35.900
0.000 -0.200 3.370 0.000 -3.000 35.900
0.000 -0.200 3.370 0.000 -3.000 35.900
-0.206 -0.200 3.594 0.000 1.497 35.900
0.000 -0.200 3.370 0.000 -3.000 35.900
0.000 -0.195 3.451 0.000 -3.000 38.881
0.000 -0.200 3.370 0.000 -3.000 35.900
0.000 -0.200 3.370 0.000 -3.000 35.900
0.000 -0.200 3.370 0.000 -3.000 35.900
0.000 -0.200 3.370 0.000 -3.000 35.900
0.000 -0.200 3.370 0.000 -3.000 35.900
0.000 -0.200 3.370 0.000 -3.000 35.900
0.000 -0.200 3.370 0.000 -3.000 35.900
0.000 -0.200 3.370 0.000 -3.000 35.900
0.000 -0.200 3.370 0.000 -3.000 35.900
0.000 -0.200 3.370 0.000 -3.000 35.900
0.000 -0.200 3.370 0.000 -3.000 35.900
0.000 -0.200 3.370 0.000 -3.000 35.900
0.000 -0.200 3.154 0.000 4.313 35.900
0.000 -0.200 3.370 0.000 -3.000 35.900
0.000 -0.200 3.370 0.000 -3.000 35.900
0.000 -0.200 3.370 0.000 -3.000 35.900
0.000 -0.200 3.370 0.000 -3.000 35.900
0.000 -0.200 3.370 0.000 -3.000 35.900
0.000 -0.200 3.370 0.000 -3.000 35.900
0.000 -0.200 3.370 0.000 -3.000 35.900
0.000 -0.200 3.370 0.000 -3.000 35.900
