-1.070 -0.293 3.370 1.846 -3.000 35.900
0.000 -0.200 3.469 0.000 -5.838 35.900
0.000 -0.310 3.370 0.000 -3.000 35.900
0.000 -0.200 3.437 0.000 -3.000 35.900
0.000 -0.200 3.370 0.000 -3.000 35.900
0.000 -0.200 3.370 0.000 -3.000 35.900
0.000 -0.200 3.370 0.000 -3.000 35.412
0.000 -0.200 3.370 0.000 -3.000 35.900
0.000 -0.200 3.370 0.000 -3.000 35.900
0.000 -0.200 3.370 0.000 -3.000 35.900
0.000 -0.200 3.370 0.000 -3.000 35.900
0.000 0.336 3.370 0.000 -3.000 35.900
0.000 -0.200 3.370 0.000 -3.000 37.578
0.000 -0.200 3.370 0.000 -3.000 35.900
0.000 0.018 3.821 0.000 -3.000 35.900
0.000 -0.200 3.370 0.000 -3.000 35.900
0.000 -0.200 3.370 4.809 -3.000 35.900
0.000 -0.200 3.399 0.000 4.016 39.541
0.000 -0.200 3.370 -1.928 -3.000 35.900
0.000 0.129 3.370 0.187 -3.000 34.265
0.000 -0.801 3.370 0.000 -3.000 35.900
0.000 -0.200 3.370 0.000 -3.000 35.900
0.000 -0.200 3.370 0.000 -3.000 35.900
0.000 0.259 3.370 0.000 -3.139 36.454
0.000 -0.200 3.370 0.806 -1.717 35.900
0.000 -0.200 3.370 0.000 -3.000 35.900
0.000 -0.200 3.391 0.719 -3.000 35.900
0.000 -0.200 3.370 0.000 -9.548 30.952
0.000 -0.200 3.370 0.000 -3.000 35.900
0.000 -0.200 3.370 0.000 -3.000 35.900
0.000 -0.200 3.370 0.000 -3.000 35.900
0.000 -0.200 3.370 0.000 -3.000 35.900
0.062 -0.381 3.370 0.000 -9.461 40.254
0.000 -0.200 3.370 0.000 -3.000 35.900
0.000 -0.200 3.370 0.000 -3.000 35.900
0.000 -0.200 3.370 0.000 -3.000 35.900
0.000 -0.200 3.370 0.000 -3.000 35.900
0.000 -0.200 3.370 0.000 -3.000 35.900
0.000 -0.200 3.370 0.000 -3.000 35.900
0.076 -0.200 3.370 -4.548 -3.000 41.038
0.000 -0.200 3.370 0.000 -3.000 35.900
0.000 -0.200 3.370 0.000 -3.000 35.900
0.000 -0.200 3.370 0.000 -3.000 35.900
0.000 -0.200 3.370 0.000 -3.000 35.900
0.847 -0.200 3.370 -7.544 -3.000 35.900
0.000 -0.200 3.370 0.000 -3.000 35.900
0.000 -0.200 3.370 0.000 -3.000 35.900
0.000 -0.200 3.370 0.000 -3.000 35.900
0.000 -0.200 3.370 0.000 -3.000 31.220
0.000 -0.337 3.370 1.620 -3.000 35.900
0.000 -0.200 3.370 0.000 -3.000 35.900
0.000 -0.200 3.370 0.000 -3.000 35.900
0.000 -0.200 3.370 0.000 -1.929 35.900
0.000 -0.200 3.370 0.000 -3.000 35.900
0.000 -0.200 3.370 0.000 -3.000 35.900
0.212 0.158 3.370 0.000 -3.000 35.900
-0.717 -0.200 3.262 0.000 3.051 35.900
0.000 -0.200 3.370 0.000 -3.000 35.900
0.000 -0.200 3.370 0.000 -3.000 35.900
0.901 -0.200 3.370 0.000 0.676 35.900
0.000 -0.200 3.370 0.000 -3.000 35.900
0.000 -0.200 3.370 0.000 -3.000 35.900
0.000 -0.200 3.370 0.000 -3.000 35.900
0.000 -0.200 3.370 0.000 -3.000 35.900
0.000 -0.200 3.370 0.000 -3.000 35.900
0.043 -0.520 3.403 0.000 -3.000 39.378
0.000 -0.200 3.370 0.000 -3.000 35.900
0.000 -0.200 3.370 0.000 -3.000 35.900
0.533 -0.200 3.370 0.000 2.684 35.900
0.000 -0.200 3.370 0.000 -7.752 35.900
0.000 -0.200 3.370 0.000 -3.000 35.900
0.000 -0.610 3.370 0.000 -3.000 35.900
0.000 -0.200 3.370 0.000 -3.000 35.900
0.000 -0.429 3.370 5.082 -3.000 35.900
0.000 -0.200 3.370 0.000 -3.000 35.900
0.000 -0.200 3.370 0.000 -3.000 35.900
0.000 -0.200 3.370 0.000 -3.000 35.900
0.000 -0.200 3.370 0.000 -3.000 35.900
0.649 -0.200 3.176 1.355 -3.000 33.782
0.000 -0.200 3.370 0.000 -3.000 35.900
0.711 0.342 3.370 0.000 -3.000 38.746
0.000 -0.200 3.370 0.000 -3.000 35.900
0.000 -0.200 3.573 -4.129 -3.000 35.900
0.000 -0.200 3.370 0.000 -3.000 35.900
0.000 -0.200 3.370 0.000 -3.000 35.900
0.000 -0.200 3.370 0.000 -3.000 35.900
0.000 -0.200 3.370 0.000 -3.000 35.900
0.000 -0.200 3.370 0.000 -3.000 35.900
0.000 -0.200 3.370 0.000 -3.000 35.900
-0.276 -0.200 3.370 0.000 -3.000 38.420
0.000 -0.200 3.370 0.000 -3.000 35.900
0.000 -0.200 3.370 0.000 -3.000 35.900
0.000 -0.062 3.370 1.305 -3.000 35.900
0.000 -0.200 3.628 0.000 -3.000 37.726
0.000 -0.200 3.370 0.000 -3.000 35.900
0.000 -0.200 3.370 0.000 -3.000 35.900
0.000 -0.200 3.370 0.000 -3.000 35.900
0.000 -0.699 3.152 0.000 -3.000 35.900
0.778 -1.012 3.370 0.000 -3.000 35.900
0.000 -0.200 3.370 0.000 -3.000 35.900
0.000 -0.200 3.370 0.000 -3.000 35.900
0.000 -0.200 3.370 0.000 -3.000 35.900
0.000 -0.200 3.370 -4.139 0.303 35.900
0.000 -0.200 3.370 1.164 -3.000 35.900
0.000 -0.200 3.370 0.000 -3.000 35.900
0.000 -0.200 3.370 0.000 -1.830 35.900
0.000 -0.200 3.370 0.000 -3.000 35.900
0.000 -0.239 3.370 0.000 -3.000 34.190
0.000 -0.200 3.370 0.000 -3.000 35.900
0.000 0.180 3.370 0.000 -3.000 38.822
0.000 -0.200 3.370 -0.364 -3.000 35.900
0.325 -0.200 3.370 0.000 -3.757 35.900
0.000 0.433 3.137 0.000 -3.000 35.900
0.000 -0.200 3.370 0.000 -3.000 35.900
0.000 -0.200 3.370 0.000 -3.000 35.900
0.000 -0.631 3.370 -3.820 -9.333 36.195
0.000 -0.200 3.370 0.000 -3.000 35.900
0.000 0.248 3.101 0.000 -3.000 35.900
0.000 -0.200 3.370 0.000 -3.000 35.900
0.000 -0.200 3.370 0.000 -3.000 35.900
0.000 -0.200 3.370 0.000 -3.000 35.900
0.000 -0.200 3.370 0.000 -3.000 35.900
0.000 -0.200 3.370 0.000 -3.000 35.900
0.000 -0.200 3.370 0.000 -3.000 35.900
0.000 -0.200 3.370 0.000 -3.000 35.900
0.000 -0.200 3.370 0.000 -3.000 35.900
0.000 -0.200 3.370 0.000 -3.000 35.900
0.157 -0.617 3.450 0.000 -4.154 35.900
-0.168 -0.200 3.168 0.000 -3.000 35.900
1.012 -0.200 3.237 0.000 -3.000 28.948
0.000 -0.200 3.370 0.000 -3.000 35.900
0.000 -0.200 3.370 0.000 -3.000 35.900
0.000 -0.200 3.370 0.000 -3.000 35.900
0.000 -0.200 3.370 0.000 -3.000 35.900
0.000 -0.200 3.370 0.000 -3.000 35.900
0.244 -0.174 3.370 0.000 -3.000 35.900
0.000 -0.200 3.370 0.000 -3.000 35.900
0.058 -0.200 3.370 0.000 -3.000 38.269
0.000 -0.200 3.370 0.000 -3.000 35.900
-1.108 -0.319 3.370 0.000 -3.000 35.900
0.000 -0.200 3.370 0.000 -3.000 35.900
0.252 0.395 3.211 0.000 -3.000 41.397
0.000 -0.200 3.370 0.000 -3.000 35.900
0.000 -0.200 3.370 0.000 -3.000 35.900
-0.839 -0.200 3.370 3.376 -3.000 35.900
0.000 -0.200 3.370 0.000 -3.000 35.900
0.000 -0.200 3.370 0.000 -3.000 35.900
0.000 -0.200 3.370 -1.661 4.144 35.900
0.000 -0.200 3.348 0.000 -3.000 35.900
0.000 -0.200 3.403 0.000 -3.000 35.900
0.000 -0.200 3.186 -2.087 -6.661 35.900
0.000 -0.200 3.370 0.000 -3.000 35.900
-0.602 -0.200 3.370 0.000 2.840 37.514
0.000 -0.200 3.370 4.812 -3.000 35.900
0.000 -0.200 3.370 0.000 -7.526 35.900
0.000 -0.200 3.370 0.000 -3.000 35.900
0.000 -0.200 3.370 0.000 -3.000 35.900
0.000 -0.200 3.370 0.000 -3.000 35.900
0.000 -0.200 3.370 0.000 -3.000 35.900
0.000 0.305 3.147 0.000 -3.000 35.900
0.000 -0.200 3.370 0.000 -3.000 35.900
-0.274 -0.898 3.370 0.000 -3.000 35.900
0.000 -0.200 3.370 0.000 -3.000 35.900
0.000 -0.200 3.370 0.000 -3.000 35.900
0.000 -0.200 3.370 0.000 -3.000 35.900
0.000 -0.200 3.370 0.000 -3.000 35.900
0.000 -0.200 3.370 0.000 -3.000 35.900
0.000 -0.200 3.370 0.000 -3.000 35.900
0.107 -0.200 3.370 0.000 -3.000 30.880
0.000 -0.200 3.370 0.000 -3.000 35.900
0.000 -0.200 3.370 0.000 -3.000 35.900
0.000 -0.200 3.370 0.000 -3.000 35.900
0.000 -0.754 3.370 5.359 -1.429 27.394
0.000 -0.200 3.370 0.000 -3.000 35.900
0.000 -0.200 3.370 -3.874 -7.080 35.900
0.000 -0.200 3.370 0.000 -3.000 35.900
0.000 -0.200 3.370 0.000 -3.000 35.900
0.000 -0.200 3.370 0.000 -3.000 35.900
0.000 -0.200 3.370 0.000 -3.000 35.900
0.000 -0.200 3.370 0.000 -3.000 35.900
0.000 -0.200 3.370 0.000 -3.000 35.900
0.000 -0.200 3.370 0.000 -3.000 35.900
0.000 -0.200 3.370 0.000 -3.000 35.900
0.000 -0.200 3.370 0.000 -3.000 35.900
0.332 -0.200 3.370 0.000 3.876 30.803
0.000 -0.200 3.370 0.000 -3.000 35.900
0.000 -0.200 3.370 0.000 -3.000 35.900
0.000 -0.200 3.370 0.000 -3.000 35.900
0.000 -0.200 3.370 0.000 -3.000 35.900
0.777 -0.200 3.550 0.000 -3.000 35.900
0.000 -0.200 3.072 0.000 0.970 35.900
-0.771 -0.200 3.370 0.000 -3.000 40.001
0.000 -0.200 3.370 0.000 -3.000 35.900
0.000 -0.200 3.370 0.000 -3.000 35.900
0.000 -0.200 3.370 1.134 -0.006 38.580
0.000 -0.200 3.370 0.000 -3.000 35.900
0.000 -0.200 3.370 0.000 -3.000 35.900
0.000 -0.200 3.370 0.000 -3.000 35.900
-0.763 0.210 3.370 0.000 -7.242 35.900
0.000 -0.200 3.370 0.000 -3.000 35.900
0.000 -0.200 3.370 0.000 -3.000 35.900
0.000 -0.200 3.370 0.000 -3.000 35.900
0.000 -0.545 3.370 0.000 -2.092 35.900
0.000 -0.200 3.370 0.000 -3.000 35.900
0.000 -0.200 3.370 0.000 -3.000 35.900
-0.929 -0.200 3.370 1.356 -3.000 30.607
0.000 -0.200 3.370 0.000 -3.000 35.900
0.000 -0.200 3.540 0.000 -3.000 35.900
0.000 -0.200 3.370 0.000 -3.000 35.900
0.000 -0.200 3.370 0.000 -3.000 35.900
0.000 -0.200 3.370 0.000 -3.000 35.900
0.000 0.093 3.250 0.000 -6.050 35.900
0.000 -0.200 3.370 0.000 -3.000 35.900
0.000 -0.200 3.370 0.000 -3.000 35.900
0.000 -0.200 3.370 0.000 -3.000 35.900
0.000 -0.200 3.370 -2.548 2.333 35.900
0.000 -0.200 3.370 0.000 -3.000 35.900
0.000 -0.200 3.370 0.000 -3.000 35.900
0.000 -0.200 3.370 0.000 -3.000 35.900
-0.750 -0.200 3.507 0.000 -5.745 39.814
0.000 -0.200 3.370 0.000 -3.000 35.900
0.000 -0.200 3.370 0.000 -3.000 35.900
0.000 0.163 3.370 -1.121 -3.000 33.970
0.000 -0.200 3.370 0.000 -3.000 35.900
0.000 -0.200 3.370 0.000 -3.000 35.900
0.000 -0.200 3.370 0.000 -3.000 35.900
0.000 -0.200 3.370 0.000 -3.000 35.900
0.000 -0.200 3.370 0.000 -3.000 35.900
0.000 -0.200 3.370 0.000 -3.000 35.900
0.000 -0.200 3.370 0.000 -3.000 35.900
0.000 -0.200 3.370 0.000 -3.000 35.900
0.000 -0.200 3.370 0.000 -3.000 35.900
0.000 -0.200 3.370 -1.705 -3.000 41.425
0.000 0.152 3.293 -0.728 3.583 39.202
0.000 -0.282 3.370 0.000 -3.000 35.900
0.000 -0.200 3.370 0.000 -3.000 35.900
0.000 -0.200 3.370 0.000 -3.000 35.900
0.000 -0.200 3.370 0.000 -3.000 35.900
0.000 -0.200 3.370 0.000 -3.000 35.900
0.000 -0.200 3.370 0.000 -3.000 35.900
0.179 -0.200 3.370 0.000 -3.000 35.900
0.000 -0.200 3.370 0.000 -3.000 35.900
0.000 -0.209 3.511 0.000 -3.000 35.900
0.000 -0.200 3.370 0.000 -3.000 35.900
0.000 -0.200 3.370 0.000 -3.000 35.900
0.000 -0.200 3.370 0.000 -1.418 35.900
0.000 -0.200 3.370 0.000 -3.000 35.900
0.000 -0.200 3.639 0.000 -3.000 35.900
0.000 -0.200 3.370 0.000 -3.000 35.900
0.000 -0.200 3.370 0.000 -3.000 35.900
0.000 -0.327 3.325 -4.137 -3.000 35.900
0.322 -0.200 3.617 0.000 0.250 30.989
0.000 -0.200 3.370 0.000 -3.000 35.900
0.000 -0.200 3.370 0.000 -3.000 35.900
0.000 -0.200 3.370 0.000 -3.000 35.900
0.000 -0.200 3.370 0.000 -3.000 35.900
-0.089 -0.200 3.370 0.000 -3.000 35.900
0.000 -0.200 3.370 0.000 -3.000 35.900
0.000 -0.200 3.370 0.000 -3.000 35.900
0.000 -0.200 3.370 0.000 -2.423 35.900
0.000 -0.748 3.428 0.000 -3.000 35.900
0.000 -0.200 3.370 0.000 -3.000 35.900
0.000 -0.200 3.370 0.000 -3.000 35.900
-0.209 -0.200 3.370 0.000 -3.000 35.900
0.000 -0.200 3.370 0.000 -3.000 35.900
-0.209 -0.200 3.370 -1.598 -3.000 41.175
0.000 -0.200 3.370 0.000 -3.000 35.900
0.000 -0.200 3.370 0.000 -3.000 35.900
0.000 -0.200 3.370 0.000 -3.000 35.900
0.000 -0.200 3.370 0.000 -3.000 35.900
0.000 -0.200 3.370 0.000 -3.000 35.900
0.000 -0.200 3.370 0.000 -3.000 35.900
0.000 -0.200 3.370 0.000 -3.000 35.900
0.000 -0.200 3.370 0.000 -3.000 35.900
0.000 -0.200 3.370 0.000 -3.000 35.900
0.000 -0.200 3.370 0.000 -3.000 35.900
0.000 -0.200 3.370 0.000 -3.000 35.900
0.000 -0.200 3.370 0.000 -3.000 35.900
0.000 -0.200 3.370 0.000 -3.000 35.900
0.621 -0.754 3.370 0.000 -3.000 35.900
0.000 -0.200 3.370 0.000 -3.000 35.900
0.436 0.328 3.370 0.000 -8.592 35.900
0.000 -0.189 3.370 0.000 -3.000 35.900
0.000 -0.200 3.224 -1.585 2.253 35.900
0.000 -0.200 3.370 0.000 -3.000 32.249
0.000 -0.200 3.370 0.000 -3.000 35.900
0.000 -0.200 3.370 0.000 -3.000 35.900
0.000 -0.200 3.370 -3.420 -0.033 35.900
0.000 -0.200 3.370 0.000 -3.000 35.900
0.000 -0.200 3.370 0.000 -3.000 35.900
0.000 -0.617 3.370 0.000 -0.429 34.955
0.000 -0.200 3.370 0.000 -3.000 35.900
0.000 0.276 3.370 0.000 -3.000 35.900
0.000 -0.200 3.370 0.000 -3.000 35.900
0.000 -0.200 3.370 0.000 -3.000 35.900
0.000 -0.200 3.370 0.000 -3.000 35.900
0.173 -0.200 3.370 -1.793 -3.000 37.424
-0.192 -0.200 3.370 -7.223 -3.000 35.900
0.000 -0.200 3.370 0.000 -3.000 35.900
0.000 -0.200 3.370 0.000 -3.000 35.900
0.000 -0.200 3.370 0.000 -3.000 35.900
0.000 -0.200 3.370 0.000 -3.000 35.900
0.000 -0.200 3.370 0.000 -3.000 35.900
0.000 -0.200 3.370 0.000 -3.000 35.900
0.000 -0.200 3.370 0.000 -3.000 35.900
0.000 -0.200 3.370 0.000 -3.000 35.900
0.000 -0.200 3.370 0.000 -3.000 35.900
0.000 -0.200 3.370 0.000 -3.000 35.900
0.000 -0.200 3.370 0.000 -3.000 35.900
-0.076 -0.200 3.110 0.000 -5.410 35.900
0.000 -0.200 3.370 0.000 -3.000 35.900
0.000 -0.200 3.370 0.000 -3.000 35.900
0.000 -0.200 3.370 0.000 -3.000 35.900
0.000 -0.200 3.454 0.000 -3.000 35.900
0.000 -0.104 3.370 0.000 -3.000 35.900
0.000 -0.200 3.370 0.000 -3.000 35.900
-0.190 -0.200 3.370 0.000 -3.000 41.288
0.150 0.912 3.370 0.000 -3.000 35.900
0.000 -0.200 3.370 0.000 -3.000 35.900
0.000 -0.200 3.370 4.776 -3.000 35.900
0.000 -0.200 3.370 2.916 -5.759 30.346
0.000 -0.200 3.370 0.000 -3.000 35.900
0.000 -0.200 3.370 0.000 -3.000 35.900
0.000 -0.200 3.370 0.000 -3.000 35.900
0.000 -0.200 3.370 0.000 -3.000 35.900
-0.533 -0.200 3.565 0.000 -3.000 35.900
0.000 -0.200 3.370 0.000 -3.000 35.900
0.000 -0.200 3.370 0.000 -3.000 35.900
0.000 -0.200 3.370 0.000 -3.000 35.900
0.000 -0.200 3.370 0.000 -3.000 35.900
0.000 -0.200 3.370 0.000 -3.000 35.900
0.000 -0.200 3.370 0.000 -3.000 35.900
0.000 -0.200 3.370 0.000 -3.000 35.900
0.000 -0.200 3.476 5.816 2.609 35.900
0.938 0.218 3.166 0.000 -3.000 35.900
0.000 -0.200 3.370 0.000 -3.000 35.900
0.000 -0.200 3.370 0.000 -3.000 35.900
0.000 -0.200 3.370 0.000 -3.000 35.900
0.000 -0.200 3.370 0.000 -3.000 35.900
0.000 -0.200 3.370 0.000 -3.000 35.900
0.000 -0.200 3.370 0.000 -3.000 35.900
0.232 -0.200 3.370 2.493 -3.000 35.900
0.000 -0.200 3.122 0.000 -3.000 35.900
0.000 -0.200 3.370 0.000 -3.000 35.900
0.000 -0.647 3.370 -1.720 -3.000 35.506
-0.809 -0.677 3.769 -2.672 -3.000 35.900
0.000 -0.200 3.370 0.000 -3.000 35.900
0.000 -0.200 3.370 0.000 -3.000 35.900
0.000 -0.200 3.370 0.000 -3.000 35.900
0.000 -0.200 3.370 0.000 -3.000 35.900
0.000 -0.200 3.370 0.000 -3.000 35.900
0.000 -0.200 3.370 0.000 -3.000 38.872
0.000 -0.200 3.610 0.000 -3.000 35.900
0.000 -0.200 3.370 -1.483 -3.000 35.900
0.000 -0.422 3.370 -6.313 -3.000 35.900
0.000 -0.200 3.370 0.000 -3.000 35.900
0.622 -0.863 3.370 0.000 -5.108 35.900
0.000 -0.200 3.370 0.000 -3.000 35.900
0.000 -0.200 3.370 0.000 -3.000 35.900
0.000 -0.200 3.370 0.000 -3.000 35.900
-0.373 -0.184 3.370 0.000 -5.054 35.900
0.000 -0.200 3.370 0.000 -3.000 35.900
0.000 -0.200 3.370 0.000 -6.337 35.900
0.000 -0.200 3.370 0.000 -3.000 35.900
0.000 -0.200 3.370 0.000 -3.000 35.900
0.000 -0.200 3.370 0.000 -3.000 35.900
0.442 -0.200 3.370 0.000 2.240 35.900
0.000 -0.200 3.370 0.000 -3.000 35.900
0.000 -0.200 3.370 0.000 -3.000 35.900
0.000 -0.200 3.370 0.000 -3.000 35.900
0.764 -0.200 3.370 0.000 -1.444 34.696
0.000 -0.200 3.370 0.000 -3.000 35.900
0.000 -0.200 3.370 0.000 -3.000 35.900
0.000 -0.200 3.370 0.000 -3.000 35.900
0.000 -0.200 3.404 0.000 -3.000 35.900
0.151 -0.200 3.370 0.000 -3.000 37.759
0.000 -0.200 3.370 0.000 -3.000 35.900
0.000 -0.200 3.370 0.000 -3.000 35.900
0.000 -0.200 3.370 0.000 -3.000 35.900
0.000 -0.200 3.370 0.000 -3.000 35.900
0.000 -0.200 3.370 0.000 -3.000 35.900
0.000 -0.200 3.370 0.000 -3.000 35.900
0.000 -0.200 3.370 0.000 -3.000 35.900
0.000 -0.200 3.627 0.000 1.823 35.900
0.000 -0.200 3.370 0.000 -3.000 35.900
0.000 -0.200 3.620 -4.415 -3.000 40.146
0.000 -0.200 3.370 0.000 -3.000 35.900
0.000 -0.200 3.370 0.000 -3.000 35.900
0.000 -0.200 3.228 0.000 -3.000 32.208
0.000 -0.200 3.370 0.000 -3.000 35.900
0.000 -0.200 3.370 0.000 -3.000 35.900
0.048 -0.200 3.072 0.000 -3.000 35.900
0.000 -0.200 3.370 -3.304 -3.000 35.900
0.000 -0.200 3.370 0.000 -3.000 35.900
-0.868 -0.244 3.370 0.000 -3.000 35.900
0.000 -0.200 3.370 0.000 3.455 35.900
0.432 -0.200 3.370 0.000 -3.000 39.337
0.000 -0.200 3.370 0.000 -3.000 35.900
0.000 -0.521 3.370 0.000 -3.000 35.900
0.000 -0.200 3.370 0.000 -3.000 35.900
0.000 -0.200 3.370 0.000 -3.000 35.900
0.000 -0.200 3.370 0.000 -3.000 35.900
0.000 -0.200 3.370 0.000 -3.000 35.900
0.000 -0.200 3.370 0.000 -3.000 35.900
-0.210 -0.200 3.370 0.000 -3.000 30.893
0.000 -0.200 3.370 0.000 -3.000 35.900
0.000 -0.200 3.370 0.000 -3.000 35.900
0.000 -0.200 3.370 0.000 -3.000 35.900
0.000 -0.200 3.370 0.000 -3.000 35.900
0.000 0.022 3.370 0.000 -3.000 35.900
-0.365 -0.200 3.370 8.587 -3.000 40.719
0.223 0.092 3.717 -2.860 -3.000 35.900
-0.133 -0.200 3.688 0.000 0.323 35.900
0.000 -0.200 3.370 0.000 -3.000 35.900
0.199 -0.200 3.370 0.605 -3.000 41.457
0.000 -0.200 3.370 4.616 -3.000 35.900
0.000 -0.200 3.370 0.000 -3.000 35.900
0.000 -0.200 3.370 0.000 -3.000 35.900
-0.696 -0.200 3.370 0.000 -7.979 35.900
0.000 -0.643 3.370 0.000 -3.000 35.900
0.000 -0.200 3.662 0.000 2.121 39.562
0.000 -0.200 3.370 0.000 -3.000 35.900
0.000 -0.200 3.370 0.000 -3.000 35.900
0.000 -0.200 3.370 0.000 -3.000 35.900
0.000 -0.200 3.370 0.000 -3.000 35.900
0.000 -0.200 3.370 0.000 -3.000 35.900
0.000 -0.616 3.370 0.110 -3.000 35.900
0.000 0.160 3.544 0.000 -3.000 35.900
0.000 0.349 3.017 -0.793 -3.000 35.900
0.000 -0.200 3.370 0.000 -3.000 35.900
0.000 -0.200 3.370 0.000 -3.000 35.900
0.000 -0.200 3.370 0.000 -3.000 35.900
0.000 -0.200 3.370 0.000 -3.000 35.900
0.000 -0.200 3.370 0.000 -3.000 35.900
0.000 -0.200 3.370 0.000 -3.000 35.900
0.000 -0.200 3.370 0.000 -2.082 36.960
0.000 -0.200 3.370 0.000 -3.000 35.900
0.000 -0.200 3.370 0.000 -3.000 35.900
0.000 -0.200 3.370 0.000 -3.000 35.900
0.000 0.061 3.290 0.000 -3.000 44.732
0.000 -0.200 3.370 0.000 -3.000 35.900
0.000 -0.890 3.370 -2.485 0.187 35.900
0.000 -0.200 3.370 0.000 -3.000 35.900
0.000 -0.200 3.370 0.000 -3.000 35.900
0.000 -0.200 3.370 0.000 -3.000 35.900
0.000 -0.200 3.297 0.000 -3.000 30.972
0.000 -0.200 3.373 3.381 -7.239 35.900
0.000 -0.200 3.370 0.000 -3.000 35.900
0.000 -0.200 3.370 0.000 -3.000 35.900
0.000 -0.200 3.370 0.000 -3.000 35.900
0.376 -0.200 3.370 1.148 -3.000 35.900
0.000 -0.200 3.370 0.000 -3.000 35.900
0.000 -0.200 3.370 0.000 -3.000 35.900
0.000 -0.200 3.370 0.000 -3.000 35.900
0.000 -0.200 3.370 0.000 -3.000 35.900
0.000 -0.200 3.370 0.000 -3.000 35.900
0.000 -0.670 3.143 0.000 -3.000 35.112
0.022 -0.200 3.370 0.000 -8.234 40.080
0.000 -0.200 3.370 0.000 -3.000 35.900
-0.175 -0.200 3.617 0.000 -3.000 34.219
0.000 -0.200 3.370 0.000 -3.000 35.900
-0.360 -0.043 3.370 -0.947 -5.069 35.900
0.000 -0.200 3.370 0.000 -3.000 35.900
-0.207 -0.200 3.337 0.000 -3.000 32.014
0.000 -0.200 3.370 0.000 -0.673 35.900
0.000 -0.200 3.370 0.000 -3.000 35.900
0.300 -0.200 3.370 0.000 -3.000 35.900
0.000 -0.200 3.370 0.000 -3.000 35.900
0.000 -0.200 3.370 0.000 -3.000 35.900
0.000 -0.205 3.370 0.000 -3.000 36.062
0.000 -0.571 3.370 0.000 -6.177 33.425
0.000 -0.200 3.370 -1.845 -3.000 35.900
0.000 -0.200 3.078 0.000 5.246 35.900
0.269 -0.616 3.370 0.000 -3.000 35.900
0.000 -0.200 3.370 0.000 -3.000 35.900
0.000 -0.200 3.370 0.000 -3.000 38.456
0.000 -0.200 3.370 0.000 -3.000 35.900
0.000 -0.200 3.370 0.000 -3.000 35.900
0.000 -0.200 3.370 0.000 -3.000 35.900
0.000 -0.200 3.370 0.000 -3.000 35.900
0.000 -0.200 3.370 0.000 -3.000 35.900
0.061 -0.200 3.494 0.000 -0.470 35.900
0.000 -0.200 3.146 -3.486 -3.000 35.900
0.000 -0.200 3.370 0.000 -3.000 35.900
0.000 -0.419 3.370 11.597 -3.000 35.900
0.000 0.395 3.370 2.987 -3.000 35.900
0.000 -0.200 3.370 0.000 -3.000 35.900
0.000 -0.200 3.370 0.000 -3.000 35.900
0.000 -0.200 3.370 0.000 -9.329 35.900
0.000 -0.200 3.370 0.000 -3.000 35.900
0.550 -0.384 3.606 0.000 -1.347 35.226
0.000 -0.200 3.370 0.000 -3.000 35.900
0.000 -0.200 3.370 0.000 -3.000 35.900
0.000 -0.924 3.420 0.000 -3.000 35.900
0.000 -0.200 3.370 0.000 -3.000 35.900
0.000 -0.200 3.370 0.000 -3.000 35.900
0.000 -0.200 3.370 0.000 -3.000 35.900
0.000 -0.200 3.370 -0.200 -3.000 37.461
0.000 -0.200 3.370 0.000 -3.000 35.900
0.000 -0.200 3.370 0.000 -3.000 35.900
0.000 -0.200 3.370 0.000 -3.000 35.900
0.000 -0.200 3.370 0.000 -3.000 35.900
0.000 -0.200 3.063 0.000 -8.289 31.824
0.000 -0.200 3.370 0.000 -3.083 35.900
0.000 -0.200 3.370 0.000 -3.000 35.900
0.362 -0.200 3.370 0.000 -3.000 35.900
0.000 -0.200 3.772 0.000 -3.000 35.900
0.000 -0.200 3.370 0.000 -3.000 35.900
0.000 -0.200 3.370 0.000 -3.000 35.900
0.000 -0.200 3.370 0.000 -3.000 35.900
0.000 -0.200 3.370 0.000 -3.000 35.900
0.000 -0.200 3.370 0.000 -3.000 35.900
0.000 -0.200 3.370 0.000 -3.000 35.900
0.000 -0.200 3.370 0.000 -3.000 35.900
0.000 -0.200 3.370 0.000 3.406 35.900
0.000 -0.200 3.370 0.000 -3.000 35.900
0.000 -0.200 3.370 -4.585 -3.000 35.900
0.000 -0.200 3.370 0.000 -3.000 35.900
0.000 -0.200 3.370 0.000 -3.000 35.900
0.000 -0.200 3.370 0.000 -1.173 35.900
0.000 -0.200 3.370 0.000 -3.000 35.900
0.000 -0.200 3.370 0.000 -3.000 35.900
0.000 -0.200 3.370 0.000 -3.000 35.900
0.000 -0.200 3.370 0.000 -3.000 35.900
0.000 -0.200 3.370 0.000 -3.000 35.900
0.000 -0.200 3.095 0.000 -3.000 35.900
0.000 -0.200 3.370 0.000 -3.000 35.900
0.000 -0.200 3.370 0.000 -3.000 35.900
0.635 0.331 3.370 5.433 -3.000 35.900
0.172 -0.200 3.370 0.000 -3.333 35.900
0.000 -0.200 3.370 0.000 -3.000 35.900
0.000 -0.798 3.370 0.000 -3.000 35.900
0.000 -0.200 3.707 -3.302 -3.000 35.960
0.000 -0.200 3.370 0.000 -3.000 35.900
0.000 -0.200 3.370 -3.884 -0.933 35.900
0.000 -0.200 3.370 0.000 -3.000 35.900
0.000 -0.200 3.370 0.000 -3.000 35.900
0.000 -0.200 3.370 0.000 -3.000 35.900
0.000 -0.200 3.370 0.000 -3.000 35.900
-0.882 -0.756 3.360 0.625 -3.000 35.900
0.000 -0.200 3.370 4.826 -3.000 35.900
0.000 -0.200 3.370 0.000 -3.000 35.900
0.000 -0.200 3.370 0.000 -3.000 35.900
0.000 -0.200 3.370 0.000 -3.000 35.900
0.000 -0.200 3.370 0.000 -3.000 35.900
0.000 -0.200 3.370 -5.184 -3.000 34.159
0.000 -0.200 3.871 2.721 -3.000 39.923
0.000 -0.774 3.370 0.000 -3.000 30.389
0.000 -0.200 3.370 0.000 -3.000 35.900
0.000 -0.200 3.370 0.000 -3.000 35.900
0.712 -0.200 3.423 0.000 -3.000 35.900
0.000 -0.200 3.370 0.000 -3.000 35.900
0.000 -0.200 3.370 0.000 -3.000 35.900
0.000 0.360 3.481 0.000 -2.703 35.900
0.000 -0.200 3.370 0.000 -3.000 41.596
0.000 -0.200 3.370 0.000 -3.000 35.900
0.000 -0.200 3.370 -4.760 -3.000 35.900
0.000 -0.200 3.370 4.769 -3.000 36.545
0.897 -0.200 3.370 3.929 -3.000 35.900
0.000 -0.200 3.370 0.000 -3.000 35.900
0.000 -0.200 3.370 0.000 -3.000 35.900
0.000 -0.200 3.370 0.000 -3.000 35.900
0.000 -0.200 3.370 0.000 -3.000 35.900
0.000 -0.200 3.370 0.000 -3.000 35.900
0.000 -0.200 3.370 0.000 -3.000 35.900
0.000 -0.200 3.370 0.000 -3.000 35.900
0.000 -0.200 3.370 0.000 -3.000 35.900
0.474 -0.068 2.962 -5.337 -3.000 35.900
0.255 -0.200 3.370 -0.451 -3.000 35.900
0.000 -0.200 3.370 0.000 -3.000 35.900
0.000 -0.200 3.370 0.000 -3.000 35.900
0.000 -0.200 3.370 0.000 -3.000 35.900
0.760 -0.230 3.370 0.000 -4.773 35.900
0.000 -0.189 3.370 0.000 -3.000 35.900
-0.909 -0.200 3.370 0.000 -3.000 34.657
0.000 -0.200 3.370 -3.617 -3.000 35.900
0.000 -0.792 3.370 0.000 -3.000 35.900
0.000 -0.200 3.370 0.000 -3.000 35.900
0.000 -0.200 3.370 0.000 -3.000 35.900
0.000 -0.200 3.370 0.000 -3.000 35.900
0.000 -0.200 3.370 0.000 -3.000 35.900
0.000 0.453 3.370 0.000 -3.000 35.900
0.000 -0.200 3.370 0.000 -3.000 35.900
0.000 -0.200 3.370 0.000 -3.000 35.900
0.000 -0.304 3.187 -6.039 -3.000 35.900
0.000 -0.200 3.370 0.000 -3.000 35.900
0.000 -0.118 3.370 0.000 0.173 32.137
0.000 -0.200 3.370 0.000 -3.000 35.900
0.000 -0.200 3.370 0.000 -3.000 35.900
0.000 -0.200 3.370 0.000 -3.000 35.900
0.000 -0.200 3.370 0.000 -3.000 35.900
0.807 -0.200 3.625 0.000 -3.000 35.900
0.000 -0.200 3.370 -3.081 -3.000 35.900
0.000 -0.200 3.370 0.000 -3.000 35.900
0.000 -0.200 3.370 0.000 -3.000 35.900
0.000 -0.427 3.154 0.000 -3.000 37.622
0.000 -0.200 3.370 0.000 -3.000 35.900
0.000 0.112 3.370 4.484 -3.000 35.900
0.000 -0.200 3.370 0.000 4.809 35.900
0.000 0.101 3.370 0.000 -3.000 36.113
0.000 -0.580 3.641 0.000 -3.000 36.373
0.000 -0.200 3.370 0.000 -3.000 35.900
0.000 -0.200 3.370 0.000 -3.000 35.900
-0.207 -0.200 3.370 4.312 -3.000 35.900
-0.063 0.187 3.370 7.226 -3.000 40.628
0.000 -0.200 3.370 0.000 -3.000 35.900
0.000 -0.200 3.370 0.000 -3.000 35.900
0.000 -0.200 3.370 0.000 -6.028 35.900
0.000 -0.200 3.370 0.000 -3.000 35.900
0.000 -0.200 3.370 0.000 -3.000 35.900
0.000 -1.253 3.370 1.562 -3.000 32.596
0.000 -0.200 3.370 0.000 -3.000 35.900
0.000 -0.200 3.370 2.248 2.910 36.265
0.000 -0.200 3.370 0.000 -3.000 35.900
0.000 -0.200 3.370 0.000 -3.000 35.900
0.000 -0.200 3.370 0.000 -3.000 35.900
0.413 -0.200 3.370 0.000 -3.000 35.900
0.000 -0.200 3.370 0.000 -3.000 35.900
0.000 -0.200 3.370 0.000 -3.000 35.900
0.000 -0.200 3.370 0.000 -3.000 35.900
0.000 -0.200 3.370 0.000 -3.000 35.900
0.000 -0.200 3.370 0.000 -3.000 35.900
0.000 -0.200 3.370 4.034 -3.000 38.326
0.000 -0.200 3.370 0.000 -3.000 35.900
0.000 0.084 3.361 0.000 -3.000 35.900
0.000 -0.200 3.051 0.000 -3.000 35.402
0.000 -0.200 3.370 0.000 -3.000 35.900
0.000 -0.200 3.370 0.000 -3.000 35.900
0.000 -0.200 3.370 0.000 -3.000 35.900
0.000 -0.406 3.055 5.073 -3.000 35.900
0.000 -0.200 3.370 0.000 -3.000 35.900
0.000 -0.753 3.097 0.000 -5.032 33.153
0.000 -0.200 3.370 0.000 -3.000 35.900
0.000 -0.200 3.370 0.000 -3.000 35.900
0.000 0.222 3.370 0.000 -2.352 35.900
0.000 -0.200 3.370 0.000 -3.000 35.900
0.000 -0.200 3.370 0.000 -6.489 40.690
0.000 -0.200 3.370 0.000 -3.000 35.900
0.000 -0.200 3.370 0.000 -3.000 35.900
0.000 -0.200 3.370 0.000 -3.000 35.900
0.000 -0.200 3.370 0.000 -3.000 35.900
0.965 -0.200 3.370 0.000 -3.000 35.900
0.000 -0.200 3.370 -0.555 1.054 35.900
0.000 -0.200 3.370 0.000 -3.000 35.900
0.000 -0.200 3.370 0.000 -3.000 35.900
-0.223 -0.200 3.370 -0.347 -3.000 35.900
0.000 -0.200 3.370 0.000 -3.000 35.900
0.000 -0.200 3.370 0.000 -3.000 35.900
0.000 -0.200 3.370 0.000 -3.000 35.900
0.000 -0.200 3.370 0.000 -3.000 35.900
0.000 -0.200 3.370 0.000 -3.000 35.900
0.000 -0.200 3.370 0.000 -3.000 35.900
0.191 -0.200 3.370 0.000 0.501 35.900
0.203 -0.200 3.370 0.000 -2.832 35.900
0.000 -0.200 3.370 0.000 -1.564 40.453
0.000 -0.200 3.370 0.000 -3.000 35.900
-0.254 0.092 3.370 0.000 -3.000 34.590
-0.093 -0.200 3.370 0.000 -3.000 35.900
0.000 -0.200 3.370 -6.615 -3.000 35.900
0.000 -0.200 3.310 0.000 -8.541 35.900
0.000 -0.200 3.370 0.000 -3.000 35.900
0.000 -0.200 3.370 0.000 -3.000 35.900
0.000 -0.200 3.370 0.000 -3.000 35.900
0.000 -0.200 3.370 0.000 -3.000 41.646
0.000 -0.200 3.370 0.000 -3.000 35.900
0.000 -0.200 3.370 0.000 -3.000 35.900
0.000 -0.200 3.370 0.000 -3.000 35.900
0.000 -0.200 3.370 0.000 -3.000 35.900
0.000 -0.200 3.370 0.413 -3.000 32.742
-0.005 -0.200 3.268 0.000 -10.560 35.900
0.000 -0.200 3.661 0.000 2.489 35.900
0.000 -0.200 3.370 0.000 -3.000 35.900
0.000 -0.200 3.370 0.000 -3.000 35.900
0.523 -0.200 3.370 0.000 -3.000 35.900
0.000 -0.200 3.370 0.000 -3.000 35.900
0.000 -0.200 3.370 0.000 -3.000 35.900
0.000 -0.200 3.370 0.000 -3.000 35.900
0.000 -0.200 3.370 0.000 -3.000 35.900
0.000 -0.200 3.370 0.000 -3.000 35.900
0.000 -0.200 3.370 0.000 -3.000 35.900
0.000 -0.200 3.370 0.000 -3.000 27.234
0.000 -0.200 3.474 -3.606 -3.000 35.900
0.000 -0.200 3.370 0.000 -3.000 35.900
0.000 -0.200 3.370 0.000 -3.000 35.900
0.000 -0.200 3.370 0.000 -3.000 35.900
0.000 -0.200 3.370 0.000 -3.000 35.900
0.000 -0.200 3.370 0.000 -3.000 35.900
0.000 -0.200 3.370 0.000 0.549 35.900
0.000 -0.200 3.370 0.000 -3.000 35.900
0.000 -0.200 3.370 0.000 -3.000 35.900
0.000 -0.200 3.370 0.000 -3.000 35.900
0.000 -0.200 3.370 0.000 -3.000 35.900
0.000 -0.200 3.370 0.000 -3.000 35.900
0.000 -0.200 3.370 0.000 -3.000 35.900
0.000 -0.200 3.370 0.000 -3.000 35.900
0.000 -0.200 3.370 0.000 -3.000 35.900
0.000 -0.200 3.283 0.000 -8.911 35.900
0.000 -0.200 3.370 0.000 -3.000 35.900
0.000 -0.200 3.370 0.000 -0.709 35.900
0.000 -0.200 3.370 0.000 -3.000 35.900
0.000 -0.200 3.370 0.000 -3.000 35.900
0.000 -0.200 3.370 0.000 -3.000 35.900
0.000 -0.200 3.370 0.000 -3.000 35.900
0.000 -0.200 3.370 0.000 -3.000 35.900
-1.225 -0.200 3.370 -0.837 -3.000 35.900
0.000 -0.200 3.370 0.000 -3.000 35.900
0.000 -0.200 3.370 0.000 -3.000 35.900
0.000 0.051 3.370 0.000 -3.000 34.757
0.000 -0.200 3.370 0.000 -3.000 35.900
0.000 -0.200 3.370 0.000 -3.000 35.900
0.000 -0.200 3.370 0.000 -3.000 35.900
0.000 -0.200 3.370 0.000 -3.000 35.900
0.000 -0.200 3.370 0.000 -3.000 35.900
0.000 -0.200 3.370 0.000 -3.000 40.248
0.000 -0.200 3.425 4.657 -9.178 36.968
0.000 -0.200 3.370 0.000 -3.000 35.900
0.000 -0.200 3.370 0.000 -3.000 35.900
0.000 0.280 3.370 4.969 -3.000 37.679
0.000 -0.200 3.370 0.000 -3.226 31.761
0.106 -0.095 3.370 0.000 -2.540 35.900
0.000 -0.200 3.370 0.000 -3.000 35.900
0.000 -0.200 3.370 0.000 -3.000 35.900
0.000 -0.200 3.370 0.000 -3.000 35.900
0.000 -0.200 3.370 0.000 -3.000 35.900
0.000 -0.200 3.370 0.000 -3.000 35.900
0.000 -0.200 3.370 -4.770 -3.000 35.900
0.000 -0.200 3.161 0.000 -3.000 40.986
0.000 -0.200 3.370 0.000 -3.000 35.900
0.000 -0.200 3.370 0.000 -3.000 35.900
-0.079 -0.200 3.370 0.000 -3.000 39.201
0.000 -0.200 3.370 0.000 -3.000 35.900
0.000 -0.200 3.370 0.000 -3.000 35.900
0.000 -0.200 3.370 0.000 -3.000 35.900
0.000 -0.200 3.370 0.000 -3.000 35.900
0.000 -0.200 3.370 0.000 -3.000 35.900
0.000 -0.200 3.370 0.000 -3.000 35.900
0.000 -0.200 3.370 0.000 -3.000 35.900
0.000 -0.200 3.370 0.000 -3.000 35.900
0.000 -0.200 3.370 0.000 -8.784 35.900
0.000 -0.200 3.370 0.000 -3.000 35.900
0.000 -0.200 2.930 0.000 -7.223 30.434
0.000 -0.200 3.370 0.000 -3.000 35.900
0.000 -0.200 3.370 0.000 -3.000 35.900
0.705 -0.459 3.370 0.000 -3.000 35.900
0.000 -0.200 3.370 3.509 -4.315 35.900
0.000 -0.200 3.370 0.000 -3.000 35.900
0.000 -0.200 3.370 0.000 -3.000 35.900
0.000 -0.200 3.370 0.000 -3.000 35.900
0.000 -0.200 3.370 0.000 -3.000 35.900
0.000 -0.200 3.370 0.000 -3.000 35.900
0.000 -0.200 3.370 0.000 -3.000 35.900
-0.408 -0.200 3.370 0.000 -2.152 35.900
0.000 -0.200 3.370 0.000 -3.000 35.900
0.000 -0.200 3.509 -3.787 -1.501 35.900
0.000 -0.200 3.370 0.000 -3.000 35.900
0.000 -0.200 3.370 0.000 -3.000 35.900
-1.217 -0.200 2.946 -4.481 -3.000 35.900
0.000 -0.200 3.370 0.000 -3.000 35.900
0.000 -0.200 3.370 0.000 -3.000 35.900
0.000 -0.200 3.370 0.000 -3.000 35.142
0.000 -0.200 3.370 0.000 -3.000 35.900
0.000 -0.200 3.370 0.000 -3.000 27.687
0.000 -0.200 3.370 0.000 -3.000 35.900
0.000 -0.377 3.376 0.000 -3.000 37.879
0.201 -0.200 3.710 0.000 -3.000 35.900
0.000 -0.200 3.370 0.000 -3.000 35.900
0.000 -0.200 3.113 0.000 -3.000 33.324
0.000 -0.200 3.370 0.000 -3.000 35.900
0.000 -0.200 3.370 0.000 -3.000 35.900
0.000 -0.200 3.370 0.000 -3.000 35.900
0.000 -0.200 3.370 0.000 -3.000 35.900
-0.282 -0.276 3.002 0.000 0.524 35.900
0.000 -0.200 3.370 0.000 -3.000 35.900
1.124 -0.200 3.370 0.000 -3.000 31.873
0.000 -0.200 3.370 0.000 -3.000 35.900
0.000 -0.320 3.408 0.000 11.857 35.900
0.000 -0.200 3.370 0.000 -3.000 35.900
0.000 -0.200 3.370 0.000 -3.000 35.900
0.000 -0.200 3.370 0.000 -3.000 35.900
0.000 -0.200 3.370 0.000 -3.000 35.900
0.000 -0.200 3.370 0.000 -3.000 35.900
0.000 -0.200 3.370 0.000 -3.000 35.900
0.000 -0.200 3.370 -2.801 -5.642 35.900
0.000 -0.200 3.370 0.000 -3.000 35.900
0.000 -0.200 3.370 0.000 -3.000 35.900
0.000 -0.200 3.370 0.000 4.391 33.231
0.000 -0.200 3.370 0.000 -3.000 35.900
0.000 -0.200 3.370 0.000 -3.000 35.900
0.000 -0.200 3.598 0.000 -3.000 35.900
0.000 -0.509 3.370 0.000 -3.000 33.352
0.000 -0.200 3.370 3.539 -3.000 38.464
0.000 -0.200 3.370 0.000 -3.000 35.900
0.000 -0.200 3.370 0.000 -3.000 35.900
0.000 -0.200 3.370 0.000 -3.000 35.900
0.000 -0.200 3.370 0.000 -3.000 35.900
0.000 -0.200 3.370 0.000 -3.000 35.900
0.000 -0.200 3.370 0.000 -3.000 35.900
0.000 -0.189 3.370 -1.612 -3.000 35.900
0.612 -0.254 3.354 1.928 -3.000 39.100
0.000 -0.200 3.370 0.000 -3.000 35.900
0.000 -0.200 3.370 0.000 -3.000 35.900
0.000 -0.200 3.370 0.000 -3.000 35.900
0.000 -0.200 3.448 0.000 -3.000 35.900
0.000 -0.200 3.370 0.000 -3.000 35.900
0.000 -0.200 3.370 0.000 -3.000 36.228
0.000 -0.200 3.370 0.000 -7.791 35.900
0.000 -0.200 3.092 0.000 -3.000 35.900
-0.831 -0.200 3.687 0.000 1.046 34.482
1.594 -0.200 3.370 0.000 -3.000 35.900
0.000 -0.200 3.503 0.000 -3.000 35.900
-0.249 0.310 3.432 -1.837 2.065 35.900
0.000 -0.200 3.370 0.000 -3.000 35.900
0.567 -0.200 3.402 0.225 -3.000 31.598
0.000 -0.200 3.370 0.000 -3.000 35.900
0.000 -0.200 3.370 0.000 -3.000 35.900
0.000 -0.200 3.370 0.000 -3.000 35.900
0.000 -0.200 3.370 0.000 -3.000 35.900
0.000 -0.200 3.370 0.000 -3.000 35.900
0.000 -0.592 3.370 0.000 -3.000 35.900
0.000 -0.200 3.370 0.000 -3.000 35.900
0.000 -0.200 3.370 0.000 -3.000 35.900
0.000 -0.200 3.370 0.000 -3.000 35.900
0.000 -0.200 3.444 0.000 -3.000 36.967
0.000 -0.200 3.370 0.000 -3.000 35.900
0.000 -0.200 3.370 0.000 -3.000 35.900
0.000 -0.778 3.411 0.000 3.765 37.641
0.000 -0.200 3.370 0.000 -3.000 35.900
0.586 -0.183 3.370 -1.700 -9.071 35.900
0.000 -0.200 3.370 0.000 -3.000 35.900
0.000 -0.200 3.643 -4.830 -3.000 39.944
0.000 -0.200 3.370 0.000 -3.000 35.900
0.000 -0.200 3.370 0.000 -3.000 35.900
0.000 -0.200 3.370 0.000 -3.000 35.900
0.000 -0.200 3.370 0.000 -3.000 35.900
-0.166 -0.200 3.370 0.000 1.156 35.784
0.000 -0.200 3.370 0.000 -3.000 35.900
0.000 -0.200 3.370 0.000 -3.000 35.900
0.000 -0.200 3.370 0.000 -3.000 35.900
0.000 -0.200 3.370 0.000 -3.000 35.900
0.000 -0.200 3.370 0.000 -3.000 35.900
0.000 -0.200 3.370 0.000 -3.000 35.900
0.000 -0.200 3.370 0.000 -3.000 35.900
0.000 -0.200 3.370 0.000 -3.000 35.900
0.000 -0.200 3.370 0.000 -3.000 35.900
0.000 -0.200 3.370 0.000 -3.000 35.900
0.000 -0.200 3.370 0.000 -3.000 35.900
0.000 -0.200 3.035 0.000 -3.000 36.761
0.000 -0.200 3.370 0.000 -3.000 35.900
0.000 -0.319 3.370 -0.749 -0.013 35.900
0.000 -0.200 3.370 0.000 -3.000 35.900
0.000 -0.200 3.370 0.000 -3.000 35.900
0.000 -0.200 3.370 0.000 -3.000 35.900
0.000 -0.200 3.370 0.000 -3.000 35.900
0.000 -0.200 3.370 0.000 -3.000 35.900
0.000 -0.200 3.370 0.000 -3.000 35.900
0.000 -0.200 3.370 0.000 -3.000 35.900
0.000 -0.200 3.370 0.000 -3.000 35.900
0.000 -0.200 3.370 0.000 -3.000 35.900
0.000 -0.200 3.370 0.000 -3.000 35.900
0.000 -0.200 3.370 0.000 -3.000 33.089
-0.123 -0.200 3.370 0.807 -3.000 35.900
1.906 -0.345 3.370 2.716 -3.000 35.900
0.000 -0.200 3.370 0.000 -3.000 35.900
0.000 -0.200 3.370 0.000 -3.000 35.900
0.476 -0.200 3.370 0.000 -3.000 35.900
0.000 -0.200 3.370 0.000 -3.000 35.900
0.000 -0.200 3.370 0.000 -3.000 35.900
0.000 -0.200 3.370 0.000 -3.000 35.900
0.000 -0.200 3.604 -3.749 -3.000 35.900
0.000 -0.200 3.370 0.000 -3.000 35.900
0.560 -0.292 3.370 0.499 -7.621 39.478
0.000 -0.200 3.370 0.000 -3.000 35.900
0.000 -0.200 3.370 0.000 -3.000 35.900
0.000 -0.200 3.370 0.000 -3.000 35.082
0.000 -0.200 3.370 0.000 -3.000 35.900
0.000 -0.200 3.370 0.000 -3.000 35.900
0.141 -0.200 2.961 0.000 -3.000 30.179
0.000 -0.200 3.370 0.000 -3.000 35.900
0.000 -0.200 3.370 0.000 -3.000 35.900
0.000 -0.200 3.370 0.000 -3.000 35.900
0.808 -0.200 3.370 0.000 -3.000 35.149
0.000 -0.023 3.370 -6.060 -3.000 33.513
0.000 -0.200 3.370 0.000 -3.000 35.900
0.000 -0.200 3.206 0.000 -3.000 29.697
0.000 0.084 3.370 0.000 -2.058 27.170
0.000 -0.200 3.370 0.000 -3.000 35.900
0.000 -0.200 3.370 0.000 -3.000 35.900
0.000 -0.200 3.370 0.000 -3.000 35.900
0.000 -0.273 3.370 5.115 -3.000 35.900
0.000 -0.200 3.370 0.000 -3.000 35.900
0.000 -0.200 2.966 0.000 -3.000 35.900
-1.084 -0.200 3.156 0.000 -3.000 33.019
0.000 -0.200 3.370 0.000 -3.000 35.900
0.000 -0.893 3.370 0.000 -2.013 35.900
0.000 -0.200 3.370 0.000 -3.000 35.900
0.000 -0.200 3.370 0.000 -3.000 35.900
0.000 -0.200 3.370 1.526 -3.000 35.900
0.000 -0.200 3.370 0.000 -3.000 35.900
0.000 -0.200 3.370 0.000 -3.000 35.900
0.597 -0.581 3.370 0.000 -3.000 35.900
0.000 -0.200 3.370 0.000 -3.000 35.900
0.889 -0.200 3.680 0.000 -9.819 35.900
0.000 -0.200 3.370 0.000 -3.000 35.900
0.000 -0.200 3.370 0.000 -3.000 35.900
0.000 -0.200 3.370 0.000 -3.000 35.900
0.000 -0.200 3.370 1.061 -4.714 40.109
0.000 -0.200 3.370 0.000 -3.000 35.900
0.000 -0.200 3.370 0.000 -3.000 35.900
0.235 -0.200 3.370 0.000 0.240 35.900
0.000 -0.200 3.370 0.000 -3.000 38.423
0.000 -0.200 3.370 0.000 -3.000 35.900
0.000 -0.200 3.370 0.000 -3.000 35.900
0.000 -0.200 3.220 0.065 -4.598 35.900
0.000 -0.200 3.370 0.000 -7.310 35.900
0.000 -0.200 3.370 0.000 -3.000 35.900
-0.195 -0.201 3.406 -4.837 0.743 41.994
0.000 -0.200 3.370 0.000 -3.000 35.900
0.000 -0.200 3.370 0.000 -3.000 35.900
0.000 -0.200 3.370 0.000 -3.000 35.900
0.000 -0.200 3.370 0.000 -3.000 35.900
0.000 -0.200 3.370 0.000 -3.000 35.900
0.000 -0.200 3.370 0.000 -3.000 35.900
0.000 -0.227 3.370 0.000 1.906 35.900
0.000 -0.200 3.370 0.000 -3.000 35.900
0.000 -0.200 3.370 0.000 -3.000 35.900
0.000 -0.200 3.370 0.000 -3.000 35.900
0.468 -0.200 3.370 0.000 -7.436 35.900
0.000 -0.200 3.785 0.000 -3.000 35.900
0.000 -0.200 3.370 0.000 -3.000 35.900
0.000 -0.200 3.370 0.000 -3.000 35.900
0.000 -0.200 3.370 0.000 -3.000 35.900
0.000 -0.200 3.370 0.000 -3.000 35.900
0.000 -0.200 3.370 0.000 -3.000 35.900
0.000 -0.200 3.370 0.000 -4.709 31.532
-0.218 0.757 3.370 0.000 -3.000 37.254
0.000 -0.200 3.370 0.000 -3.000 35.900
0.000 -0.200 3.370 0.000 -3.000 35.900
0.000 -0.200 3.370 0.000 -3.000 35.900
0.000 -0.200 3.370 0.000 -3.000 35.900
0.000 -0.200 3.370 0.000 -3.000 35.900
0.000 -0.200 3.370 0.000 -3.000 35.900
0.000 -0.200 3.370 0.000 -3.000 35.900
0.000 -0.200 3.316 0.000 0.097 35.016
0.000 -0.200 3.370 0.000 -3.000 35.900
0.000 -0.200 3.370 0.000 -3.000 35.900
0.000 -0.200 3.370 0.000 -3.000 35.900
0.000 -0.200 3.370 0.000 -3.000 35.900
0.000 -0.200 3.370 1.879 -3.000 35.900
0.000 -0.200 3.702 -3.047 -3.000 38.116
0.000 -0.200 3.370 0.000 -3.000 35.900
0.000 -0.200 3.370 0.000 -3.000 35.470
0.000 -0.200 3.370 0.000 -3.000 35.900
