2.391 -0.853 -0.837 -0.047 -0.026 -0.04
-0.853 4.079 1.565 0.022 -0.048 -0.259
-0.837 1.565 12.072 0.372 0.044 -0.162
-0.047 0.022 0.372 0.054 0.003 -0.006
-0.026 -0.048 0.044 0.003 0.027 0.01
-0.040 -0.259 -0.162 -0.006 0.01 0.067
1.050 -0.01 3.33 3.71 -0.74 37.98

2.191241176 -0.1507306 -0.03872471 -0.05758588 -0.001418235 -0.002638235
-0.150730588 3.537397 0.1032941 -0.001197059 0.001828824 -0.091367059
-0.038724706 0.1031759 9.904646 -0.008954706 -0.2214429 -0.253934706
-0.057585882 -0.001197059 -0.008954706 0.03892235 0.000828235 0.000451765
-0.001418235 0.001828824 -0.2214435 0.000828235 0.02641353 0.011722941
-0.002638235 -0.09136706 -0.2539353 0.000451765 0.01172294 0.028990588
0.058823529 -0.02941176 3.011176 0.3311765 12.93 27.348823529

2.79347 -0.05089 0.02038 -0.0504 -0.00341 0.00467
-0.05089 5.19469 3.50783 -9e-04 -0.05615 -0.26087
0.02039 3.50774 13.30339 -0.00294 0.13335 -0.16457
-0.05040 -9e-04 -0.00294 0.05535 9e-05 -0.00031
-0.00341 -0.05616 0.13334 9e-05 0.04894 0.01258
0.00467 -0.26089 -0.16459 -0.00031 0.01258 0.0683
-0.02 -1.15 3.5 -0.03 -1.95 29.89

3.14010 0.05558 -0.00832 -0.10396 -0.00111 0.00515
0.05558 3.36875 -0.025 -0.00435 0.01409 -0.11524
-0.00832 -0.02501 10.66999 0.00177 -0.19753 -0.21189
-0.10396 -0.00435 0.00177 0.04368 8e-05 -0.00032
-0.00111 0.01409 -0.19754 8e-05 0.02703 0.01329
0.00515 -0.11524 -0.2119 -0.00032 0.01329 0.05584
-0.01 0.16 3.16 -0.17 12.11 36.03

2.79347 -0.05089 0.02038 -0.0504 -0.00341 0.00467
-0.05089 5.19469 3.50783 -9e-04 -0.05615 -0.26087
0.02039 3.50774 13.30339 -0.00294 0.13335 -0.16457
-0.05040 -9e-04 -0.00294 0.05535 9e-05 -0.00031
-0.00341 -0.05616 0.13334 9e-05 0.04894 0.01258
0.00467 -0.26089 -0.16459 -0.00031 0.01258 0.0683
-0.02 -1.15 3.5 -0.03 -1.95 29.89

3.14010 0.05558 -0.00832 -0.10396 -0.00111 0.00515
0.05558 3.36875 -0.025 -0.00435 0.01409 -0.11524
-0.00832 -0.02501 10.66999 0.00177 -0.19753 -0.21189
-0.10396 -0.00435 0.00177 0.04368 8e-05 -0.00032
-0.00111 0.01409 -0.19754 8e-05 0.02703 0.01329
0.00515 -0.11524 -0.2119 -0.00032 0.01329 0.05584
-0.01 0.16 3.16 -0.17 12.11 36.03

2.79347 -0.05089 0.02038 -0.0504 -0.00341 0.00467
-0.05089 5.19469 3.50783 -9e-04 -0.05615 -0.26087
0.02039 3.50774 13.30339 -0.00294 0.13335 -0.16457
-0.05040 -9e-04 -0.00294 0.05535 9e-05 -0.00031
-0.00341 -0.05616 0.13334 9e-05 0.04894 0.01258
0.00467 -0.26089 -0.16459 -0.00031 0.01258 0.0683
-0.02 -1.15 3.5 -0.03 -1.95 29.89

3.14010 0.05558 -0.00832 -0.10396 -0.00111 0.00515
0.05558 3.36875 -0.025 -0.00435 0.01409 -0.11524
-0.00832 -0.02501 10.66999 0.00177 -0.19753 -0.21189
-0.10396 -0.00435 0.00177 0.04368 8e-05 -0.00032
-0.00111 0.01409 -0.19754 8e-05 0.02703 0.01329
0.00515 -0.11524 -0.2119 -0.00032 0.01329 0.05584
-0.01 0.16 3.16 -0.17 12.11 36.03

2.79347 -0.05089 0.02038 -0.0504 -0.00341 0.00467
-0.05089 5.19469 3.50783 -9e-04 -0.05615 -0.26087
0.02039 3.50774 13.30339 -0.00294 0.13335 -0.16457
-0.05040 -9e-04 -0.00294 0.05535 9e-05 -0.00031
-0.00341 -0.05616 0.13334 9e-05 0.04894 0.01258
0.00467 -0.26089 -0.16459 -0.00031 0.01258 0.0683
-0.02 -1.15 3.5 -0.03 -1.95 29.89

3.14010 0.05558 -0.00832 -0.10396 -0.00111 0.00515
0.05558 3.36875 -0.025 -0.00435 0.01409 -0.11524
-0.00832 -0.02501 10.66999 0.00177 -0.19753 -0.21189
-0.10396 -0.00435 0.00177 0.04368 8e-05 -0.00032
-0.00111 0.01409 -0.19754 8e-05 0.02703 0.01329
0.00515 -0.11524 -0.2119 -0.00032 0.01329 0.05584
-0.01 0.16 3.16 -0.17 12.11 36.03

2.79347 -0.05089 0.02038 -0.0504 -0.00341 0.00467
-0.05089 5.19469 3.50783 -9e-04 -0.05615 -0.26087
0.02039 3.50774 13.30339 -0.00294 0.13335 -0.16457
-0.05040 -9e-04 -0.00294 0.05535 9e-05 -0.00031
-0.00341 -0.05616 0.13334 9e-05 0.04894 0.01258
0.00467 -0.26089 -0.16459 -0.00031 0.01258 0.0683
-0.02 -1.15 3.5 -0.03 -1.95 29.89

3.14010 0.05558 -0.00832 -0.10396 -0.00111 0.00515
0.05558 3.36875 -0.025 -0.00435 0.01409 -0.11524
-0.00832 -0.02501 10.66999 0.00177 -0.19753 -0.21189
-0.10396 -0.00435 0.00177 0.04368 8e-05 -0.00032
-0.00111 0.01409 -0.19754 8e-05 0.02703 0.01329
0.00515 -0.11524 -0.2119 -0.00032 0.01329 0.05584
-0.01 0.16 3.16 -0.17 12.11 36.03

2.79347 -0.05089 0.02038 -0.0504 -0.00341 0.00467
-0.05089 5.19469 3.50783 -9e-04 -0.05615 -0.26087
0.02039 3.50774 13.30339 -0.00294 0.13335 -0.16457
-0.05040 -9e-04 -0.00294 0.05535 9e-05 -0.00031
-0.00341 -0.05616 0.13334 9e-05 0.04894 0.01258
0.00467 -0.26089 -0.16459 -0.00031 0.01258 0.0683
-0.02 -1.15 3.5 -0.03 -1.95 29.89

3.14010 0.05558 -0.00832 -0.10396 -0.00111 0.00515
0.05558 3.36875 -0.025 -0.00435 0.01409 -0.11524
-0.00832 -0.02501 10.66999 0.00177 -0.19753 -0.21189
-0.10396 -0.00435 0.00177 0.04368 8e-05 -0.00032
-0.00111 0.01409 -0.19754 8e-05 0.02703 0.01329
0.00515 -0.11524 -0.2119 -0.00032 0.01329 0.05584
-0.01 0.16 3.16 -0.17 12.11 36.03

2.79347 -0.05089 0.02038 -0.0504 -0.00341 0.00467
-0.05089 5.19469 3.50783 -9e-04 -0.05615 -0.26087
0.02039 3.50774 13.30339 -0.00294 0.13335 -0.16457
-0.05040 -9e-04 -0.00294 0.05535 9e-05 -0.00031
-0.00341 -0.05616 0.13334 9e-05 0.04894 0.01258
0.00467 -0.26089 -0.16459 -0.00031 0.01258 0.0683
-0.02 -1.15 3.5 -0.03 -1.95 29.89

3.14010 0.05558 -0.00832 -0.10396 -0.00111 0.00515
0.05558 3.36875 -0.025 -0.00435 0.01409 -0.11524
-0.00832 -0.02501 10.66999 0.00177 -0.19753 -0.21189
-0.10396 -0.00435 0.00177 0.04368 8e-05 -0.00032
-0.00111 0.01409 -0.19754 8e-05 0.02703 0.01329
0.00515 -0.11524 -0.2119 -0.00032 0.01329 0.05584
-0.01 0.16 3.16 -0.17 12.11 36.03

2.79347 -0.05089 0.02038 -0.0504 -0.00341 0.00467
-0.05089 5.19469 3.50783 -9e-04 -0.05615 -0.26087
0.02039 3.50774 13.30339 -0.00294 0.13335 -0.16457
-0.05040 -9e-04 -0.00294 0.05535 9e-05 -0.00031
-0.00341 -0.05616 0.13334 9e-05 0.04894 0.01258
0.00467 -0.26089 -0.16459 -0.00031 0.01258 0.0683
-0.02 -1.15 3.5 -0.03 -1.95 29.89

3.14010 0.05558 -0.00832 -0.10396 -0.00111 0.00515
0.05558 3.36875 -0.025 -0.00435 0.01409 -0.11524
-0.00832 -0.02501 10.66999 0.00177 -0.19753 -0.21189
-0.10396 -0.00435 0.00177 0.04368 8e-05 -0.00032
-0.00111 0.01409 -0.19754 8e-05 0.02703 0.01329
0.00515 -0.11524 -0.2119 -0.00032 0.01329 0.05584
-0.01 0.16 3.16 -0.17 12.11 36.03

2.79347 -0.05089 0.02038 -0.0504 -0.00341 0.00467
-0.05089 5.19469 3.50783 -9e-04 -0.05615 -0.26087
0.02039 3.50774 13.30339 -0.00294 0.13335 -0.16457
-0.05040 -9e-04 -0.00294 0.05535 9e-05 -0.00031
-0.00341 -0.05616 0.13334 9e-05 0.04894 0.01258
0.00467 -0.26089 -0.16459 -0.00031 0.01258 0.0683
-0.02 -1.15 3.5 -0.03 -1.95 29.89

2.191241176 -0.1507306 -0.03872471 -0.05758588 -0.001418235 -0.002638235
-0.150730588 3.537397 0.1032941 -0.001197059 0.001828824 -0.091367059
-0.038724706 0.1031759 9.904646 -0.008954706 -0.2214429 -0.253934706
-0.057585882 -0.001197059 -0.008954706 0.03892235 0.000828235 0.000451765
-0.001418235 0.001828824 -0.2214435 0.000828235 0.02641353 0.011722941
-0.002638235 -0.09136706 -0.2539353 0.000451765 0.01172294 0.028990588
0.058823529 -0.02941176 3.011176 0.3311765 12.93 27.348823529

2.115 -0.005 -0.33 -0.019 -0.003 0.037
-0.005 4.218 3.389 0.036 -0.045 -0.145
-0.330 3.389 11.669 0.013 0.1 -0.179
-0.019 0.036 0.013 0.05 -0.004 0.002
-0.003 -0.045 0.1 -0.004 0.036 0.01
0.037 -0.145 -0.179 0.002 0.01 0.057
-0.640 -1.01 3.43 -0.2 -1.96 31.66

