0.892670 -0.980985 2.682778 -4.399774 7.765040 -0.697328
0.347541 0.320348 3.617996 -4.340071 -13.704620 41.512963
0.061885 0.369214 3.180998 1.384326 3.028224 30.227085
-1.453890 -0.850037 3.447576 6.665923 -6.465089 33.482235
-0.104491 -0.850100 3.164052 4.894507 0.557459 29.746356
-1.417964 -0.144638 3.958310 -7.865562 -0.391594 37.543589
0.028391 0.189414 2.846042 5.289521 -0.802587 31.090756
0.504812 0.014117 3.787512 -3.551934 11.125854 41.036119
0.315195 0.251864 3.986489 -0.657276 9.523242 41.247746
0.283945 -1.210388 4.029004 0.620061 -0.897299 37.759913
0.281253 -0.104798 3.510495 0.674054 -8.051966 38.724409
0.034742 -0.125029 2.972158 -6.346600 9.590519 20.114583
-0.683906 0.313339 3.169520 2.682049 -4.940336 30.914822
-0.659082 0.321878 3.155193 4.916393 13.507163 20.063621
-0.331757 -0.132005 3.181027 -0.677862 6.078560 37.815818
0.307064 -0.383312 2.969647 -2.920569 15.687436 12.132185
-0.834211 -0.267202 3.580802 -2.576026 4.176636 28.760415
0.530448 -1.231577 3.078927 2.144509 -5.834041 36.267771
0.289090 -0.542268 3.650735 -0.289764 4.949962 37.585881
0.359763 0.652204 3.426323 8.775661 4.852451 37.014701
0.098293 -0.343530 2.702930 -2.507379 12.026079 5.854966
0.904484 -0.314080 3.447878 0.290326 3.485396 34.376888
0.084282 0.550801 2.743158 -1.569831 3.755461 12.585441
1.557815 -0.627975 3.497297 -2.801408 3.002784 32.618024
-0.364916 -0.356673 3.134664 3.112131 3.969158 34.621589
-0.161341 -0.546747 3.595079 0.660313 2.637712 37.901016
0.291284 -0.841929 3.606917 -0.195498 -1.736536 34.537020
-1.014208 -0.246161 2.971316 -1.662488 2.975723 35.530915
0.761424 0.961892 2.809049 2.194658 -6.651493 30.623226
-0.180863 -0.338700 3.294511 -3.497975 13.381598 36.764095
0.075280 -0.649258 3.265964 -4.077470 5.986209 34.370484
-0.657685 -0.979289 3.452558 -3.077475 6.005213 41.735003
0.383893 -1.129078 3.731493 4.425909 8.790790 35.295357
-0.500069 -0.909381 3.419827 -0.353330 -3.708241 32.091906
-0.289578 -0.490915 3.256617 -1.006999 4.214544 34.083820
-0.004929 -0.463548 3.437284 7.724880 -1.708127 34.482179
0.462063 -0.765322 3.446989 0.499275 1.848675 39.070295
-0.288090 0.408407 2.857271 -7.877240 6.657882 36.119477
0.938160 -0.039471 3.488113 5.727726 4.417229 33.056656
-0.570623 -1.038941 3.013489 -2.337286 4.721935 31.468710
-0.573444 -0.284741 3.107867 -6.254052 5.680349 34.970512
0.362732 -0.838869 4.333633 2.113326 6.824670 34.067516
-0.165424 0.673736 3.196566 -3.335004 -2.177995 39.983751
0.114075 0.009776 3.131629 0.977912 1.679890 28.861183
-0.674154 -0.458990 3.425145 -4.396437 5.054088 38.064008
-0.592279 -0.662865 3.368755 -7.431208 -5.494268 32.762195
0.535490 -0.599551 2.527029 0.632007 5.865693 33.138135
-0.128852 -0.974740 3.418153 -7.236219 3.958126 25.892380
0.638803 -0.028411 3.301509 -1.042469 10.135494 37.896475
1.471973 0.292373 3.443465 1.922676 5.052084 38.986363
1.057867 -0.378625 2.568411 1.754366 6.149940 27.453805
1.566776 1.268107 3.115457 0.152798 1.528355 46.912605
-0.043527 -0.694431 3.587990 6.984449 11.577942 36.339144
-0.737041 0.037872 3.017402 1.042581 -3.850177 33.581837
0.200067 -0.019776 3.329214 7.116087 -0.895599 40.771427
-0.043527 -0.694431 3.587990 6.984449 11.577942 36.339144
-1.23	-1.84	2.02	11.8	-38.1	27.3
-0.68	-0.44	3.27	0.1	3.7	31.8
-0.66	-0.16	3.33	-1	10.1	32.6
-0.04	-0.63	3.34	-4.2	0.7	35.9
0.03	-0.83	3.14	2.4	3.2	28.5
-0.15	-0.49	3.52	-0.7	5.6	39.2
-0.09	-0.89	3.2	0.1	-0.3	30
0.03	-0.56	3.41	-0.7	3.7	36.9
0.15	-0.65	3.42	-0.4	7.6	31.4
-0.53	-0.28	3.13	-0.5	14.4	29.4
0.04	-0.53	3.21	-1.5	3	30.6
0.21	-0.77	3.6	0.7	7.3	37.3
0.12	-0.46	3.34	2.7	3.4	33.8
0.52	0.26	3.17	2.7	1.8	36.4
-0.37	-0.06	3.29	-1.2	-3.3	30.6
0.27	0.71	3.28	3.3	-2.5	43.2
0.43	-0.22	3.28	0	0.4	29.1
-0.6	0.13	3.46	-2.9	-4.5	40.4
0.21	-1.08	3.34	-0.1	-3.6	32.2
-0.05	-0.45	3.39	-2	11.2	31.4
-0.32	-0.6	3.34	-2.5	2.4	31.4
0.9	-0.45	3.35	4.2	7.8	35.4
-0.23	-0.5	3.18	0.6	14.8	25.3
0	-0.81	3.34	-0.6	-1.1	30.2
0.78	-0.35	3.39	5	3.8	36.1
-0.92	0.55	3.4	-2.2	-2.2	38.2
0.9	-0.2	3.33	-0.8	-11.6	32.4
-0.5	-0.4	3.49	-2.2	-7.8	33.2
0.36	-0.37	3.43	-2.2	-3.4	35.2
-0.59	-0.55	3.61	-5.2	1.5	38
-0.29	-0.51	3.37	1.4	-1	31.6
0.29	-0.14	3.35	-2.1	11.3	35.5
-0.36	-0.36	3.21	0.7	2.6	27.8
-0.5	0.06	3.38	1.3	9.1	35.1
0.1	-0.92	3.44	-0.3	-5.3	33.9
0.6	-0.26	3.51	4.3	-6.5	39.9
0.2	-0.55	3.3	1.7	-3.3	28.7
-0.76	0.55	3.45	-3.4	-11.1	40.4
1.06	0.04	3.37	3.3	-4.2	31.6
-1	0.4	3.39	-4	0.6	38.2
0.08	-0.06	3.29	-1.1	5.3	31.6
-0.64	0.05	3.42	-3.3	3.7	39
0.25	-0.86	3.48	-1	0.1	33.7
1.02	-0.26	3.45	4.4	4.1	37.8
-0.49	-0.14	3.07	0	7.2	31.8
0.64	-0.06	3.54	1.6	-7	36.1
-1.2	-0.3	3.39	0	-7.5	34.8
1.46	0.62	3.42	5.5	-6.1	37.3
-0.85	0.23	3.4	-6.3	-6.8	37
-0.2	-0.43	3.35	-1.5	3.3	34.5
-0.09	-0.75	3.15	-0.1	2.4	27.9
0.48	-0.25	3.39	2	5.3	35.8
-0.32	-0.53	3.34	0.8	18.2	25.9
-0.43	-0.15	3.26	-2.6	6.1	32.3
-0.26	-0.17	3.33	-0.8	5	32.2
-0.75	-0.04	3.43	-1.4	-2.3	39.3
1.27	-0.11	3.39	1.7	-10.2	34.6
-0.49	0.23	3.6	-2.1	-7.7	35.1
0.51	-0.17	3.69	2.2	-11.4	35.8
-0.64	0.26	3.39	-2.6	-1	39.8
0.29	-0.62	3.25	-0.4	-2.2	29.3
-0.07	0.09	3.41	-1.8	6.8	39.7
-0.26	-0.64	3.31	0.7	2.3	30.6
0.21	-0.51	3.3	3.4	6	33.5
0.18	-0.51	3.47	-1.7	6.2	36.4
-0.19	-0.45	3.39	5	5.7	34.6
0.47	0	3.28	-2	-7.9	34.4
-0.29	0.05	3.71	-1.2	-16.9	32.4
0.28	-0.1	3.48	3.4	-5.7	35.5
-0.11	0.29	3.29	-3	-0.8	40.8
0.07	-0.3	3.27	-0.3	3.6	29.4
-0.63	-0.03	3.41	-1.4	5.7	34
-0.41	-0.32	3.48	-2.9	5.2	37.3
-0.04	-0.87	3.36	0	0.9	31.8
1.03	0.09	3.41	3.7	4.4	37.3
-0.72	-0.21	3.36	-2	2.1	31.3
0.79	0.4	3.25	4.6	-2	40.3
-0.29	-0.29	3.41	-3.8	-5.4	32.1
0.33	-0.6	3.75	2.5	-12.1	34.4
-0.61	0.23	3.31	3.9	-11.7	37
0.42	-0.34	3.31	-5.3	4.9	31.7
0.1	-0.44	3.54	2.8	7.1	39
-0.38	-0.43	3.31	-3.8	6.9	33.9
0.56	-0.52	3.22	-0.3	3.9	28.9
-0.27	0.02	3.37	0.4	7	38.7
-0.24	-0.67	3.27	0.5	-2.7	30.3
0.51	0.4	3.33	2.1	-1	39.2
-0.73	-0.19	3.7	-3.2	-12.1	37.9
1.02	0.47	3.6	4.5	-6.8	35.9
-1.79	-0.07	3.36	-3.4	-12.2	32.8
0.69	-0.08	3.4	0.9	-1.5	39.5
0.34	-0.36	3.41	0.7	3.5	32.1
0.49	-0.15	3.24	2.6	6.8	32.2
0.35	-0.58	3.38	-0.4	18	25.8
-0.16	-0.54	3.35	-1	4.9	33.8
-0.13	-0.68	3.12	1.1	2.2	27.2
-0.06	0.14	3.28	0.6	4.3	39.6
1.05	0.24	3.47	5.3	-5.9	35.7
-1.56	0.56	3.46	-5.7	-5.5	38.5
1.18	-0.13	3.39	0.1	-9.1	34.1
-0.41	0.09	3.54	-0.9	-6.9	37.4
0.33	-0.17	3.11	0.4	6.3	32
-0.96	-0.23	3.41	-4.7	4.6	37.5
-0.13	-0.85	3.47	1.3	0.5	33.7
0.59	-0.06	3.43	3.7	2.9	39.1
-0.07	-0.15	3.32	1	4.9	32.5
1.02	0.31	3.42	3.2	0.8	37.2
-1.06	-0.01	3.34	-2.8	-3.8	31.3
0.83	0.33	3.48	4	-11.5	38.9
-0.25	-0.37	3.25	-1.4	-2.4	28.9
-0.83	-0.06	3.43	-4.2	-4.1	39.3
0.27	-0.85	3.46	-0.2	-5.6	34.3
0.08	-0.24	3.42	-1.3	13.7	33.1
0.38	-0.46	3.22	-0.3	4.2	27.7
-0.44	-0.2	3.38	0.8	10.3	35.3
0.06	-0.87	3.45	-2.6	0	32.4
0.96	-0.29	3.52	5.6	4.2	38.1
-0.44	-0.47	3.17	2.5	0.1	30.8
0.44	-0.24	3.66	3.9	-16.9	36.7
0.08	-0.8	3.18	1.3	-3.7	26.3
-0.9	0.2	3.55	-6.9	-1.6	42
0.06	-0.78	3.6	-0.3	-1	36.4
0.1	-0.61	3.28	-0.2	-0.3	31.3
0.3	-0.27	3.14	0.2	13.2	27
-0.96	-0.28	3.34	-4.7	7.6	35.3
0.25	-0.66	3.35	2.7	2.4	31.5
0.24	-0.28	3.42	2.2	8.9	33.3
-0.26	-0.99	3.28	-0.2	-3	32.6
0.65	0.11	3.5	2.4	-4	40.7
-0.21	-0.3	3.26	0	0.7	29.1
-0.72	0.71	3.29	-3.8	-4.6	43.7
0.76	-0.07	3.28	2.4	-3.7	31.8
-1.01	0.31	3.3	-4.4	-2.4	37.3
0.17	-0.3	3.26	-2.2	3.1	33
-0.57	-0.24	3.57	-1.5	7.3	38.8
0.07	-0.49	3.25	1.7	2.5	31.7
0.97	0.06	3.19	2.9	11.2	32.8
-0.28	-0.31	3.39	0	5.5	32.1
0.03	-0.39	3.43	1	-1.1	39.5
0.13	-0.83	3.21	-0.4	-2.6	30.3
-0.19	-0.31	3.47	-1.2	1.4	39.4
-0.36	-0.92	3.33	-0.7	-4.2	31.3
0.47	-0.11	3.22	4.3	-0.8	37.6
-0.2	-0.12	3.33	-2	8.2	34.5
0.3	-0.32	3.33	0.7	1.4	33
1.29	-0.59	2.2	10.4	35.9	5.6
-0.043527 -0.694431 3.587990 6.984449 11.577942 36.339144
0.892670 -0.980985 2.682778 -4.399774 7.765040 -0.697328
0.347541 0.320348 3.617996 -4.340071 -13.704620 41.512963
0.061885 0.369214 3.180998 1.384326 3.028224 30.227085
-1.453890 -0.850037 3.447576 6.665923 -6.465089 33.482235
-0.104491 -0.850100 3.164052 4.894507 0.557459 29.746356
-1.417964 -0.144638 3.958310 -7.865562 -0.391594 37.543589
0.028391 0.189414 2.846042 5.289521 -0.802587 31.090756
0.504812 0.014117 3.787512 -3.551934 11.125854 41.036119
0.315195 0.251864 3.986489 -0.657276 9.523242 41.247746
0.283945 -1.210388 4.029004 0.620061 -0.897299 37.759913
0.281253 -0.104798 3.510495 0.674054 -8.051966 38.724409
0.034742 -0.125029 2.972158 -6.346600 9.590519 20.114583
-0.683906 0.313339 3.169520 2.682049 -4.940336 30.914822
-0.659082 0.321878 3.155193 4.916393 13.507163 20.063621
-0.331757 -0.132005 3.181027 -0.677862 6.078560 37.815818
0.307064 -0.383312 2.969647 -2.920569 15.687436 12.132185
-0.834211 -0.267202 3.580802 -2.576026 4.176636 28.760415
0.530448 -1.231577 3.078927 2.144509 -5.834041 36.267771
0.289090 -0.542268 3.650735 -0.289764 4.949962 37.585881
0.359763 0.652204 3.426323 8.775661 4.852451 37.014701
0.098293 -0.343530 2.702930 -2.507379 12.026079 5.854966
0.904484 -0.314080 3.447878 0.290326 3.485396 34.376888
0.084282 0.550801 2.743158 -1.569831 3.755461 12.585441
1.557815 -0.627975 3.497297 -2.801408 3.002784 32.618024
-0.364916 -0.356673 3.134664 3.112131 3.969158 34.621589
-0.161341 -0.546747 3.595079 0.660313 2.637712 37.901016
0.291284 -0.841929 3.606917 -0.195498 -1.736536 34.537020
-1.014208 -0.246161 2.971316 -1.662488 2.975723 35.530915
0.761424 0.961892 2.809049 2.194658 -6.651493 30.623226
-0.180863 -0.338700 3.294511 -3.497975 13.381598 36.764095
0.075280 -0.649258 3.265964 -4.077470 5.986209 34.370484
-0.657685 -0.979289 3.452558 -3.077475 6.005213 41.735003
0.383893 -1.129078 3.731493 4.425909 8.790790 35.295357
-0.500069 -0.909381 3.419827 -0.353330 -3.708241 32.091906
-0.289578 -0.490915 3.256617 -1.006999 4.214544 34.083820
-0.004929 -0.463548 3.437284 7.724880 -1.708127 34.482179
0.462063 -0.765322 3.446989 0.499275 1.848675 39.070295
-0.288090 0.408407 2.857271 -7.877240 6.657882 36.119477
0.938160 -0.039471 3.488113 5.727726 4.417229 33.056656
-0.570623 -1.038941 3.013489 -2.337286 4.721935 31.468710
-0.573444 -0.284741 3.107867 -6.254052 5.680349 34.970512
0.362732 -0.838869 4.333633 2.113326 6.824670 34.067516
-0.165424 0.673736 3.196566 -3.335004 -2.177995 39.983751
0.114075 0.009776 3.131629 0.977912 1.679890 28.861183
-0.674154 -0.458990 3.425145 -4.396437 5.054088 38.064008
-0.592279 -0.662865 3.368755 -7.431208 -5.494268 32.762195
0.535490 -0.599551 2.527029 0.632007 5.865693 33.138135
-0.128852 -0.974740 3.418153 -7.236219 3.958126 25.892380
0.638803 -0.028411 3.301509 -1.042469 10.135494 37.896475
1.471973 0.292373 3.443465 1.922676 5.052084 38.986363
1.057867 -0.378625 2.568411 1.754366 6.149940 27.453805
1.566776 1.268107 3.115457 0.152798 1.528355 46.912605
-0.043527 -0.694431 3.587990 6.984449 11.577942 36.339144
-0.737041 0.037872 3.017402 1.042581 -3.850177 33.581837
0.200067 -0.019776 3.329214 7.116087 -0.895599 40.771427
0.892670 -0.980985 2.682778 -4.399774 7.765040 -0.697328
-1.23	-1.84	2.02	11.8	-38.1	27.3
-0.68	-0.44	3.27	0.1	3.7	31.8
-0.66	-0.16	3.33	-1	10.1	32.6
-0.04	-0.63	3.34	-4.2	0.7	35.9
0.03	-0.83	3.14	2.4	3.2	28.5
-0.15	-0.49	3.52	-0.7	5.6	39.2
-0.09	-0.89	3.2	0.1	-0.3	30
0.03	-0.56	3.41	-0.7	3.7	36.9
0.15	-0.65	3.42	-0.4	7.6	31.4
-0.53	-0.28	3.13	-0.5	14.4	29.4
0.04	-0.53	3.21	-1.5	3	30.6
0.21	-0.77	3.6	0.7	7.3	37.3
0.12	-0.46	3.34	2.7	3.4	33.8
0.52	0.26	3.17	2.7	1.8	36.4
-0.37	-0.06	3.29	-1.2	-3.3	30.6
0.27	0.71	3.28	3.3	-2.5	43.2
0.43	-0.22	3.28	0	0.4	29.1
-0.6	0.13	3.46	-2.9	-4.5	40.4
0.21	-1.08	3.34	-0.1	-3.6	32.2
-0.05	-0.45	3.39	-2	11.2	31.4
-0.32	-0.6	3.34	-2.5	2.4	31.4
0.9	-0.45	3.35	4.2	7.8	35.4
-0.23	-0.5	3.18	0.6	14.8	25.3
0	-0.81	3.34	-0.6	-1.1	30.2
0.78	-0.35	3.39	5	3.8	36.1
-0.92	0.55	3.4	-2.2	-2.2	38.2
0.9	-0.2	3.33	-0.8	-11.6	32.4
-0.5	-0.4	3.49	-2.2	-7.8	33.2
0.36	-0.37	3.43	-2.2	-3.4	35.2
-0.59	-0.55	3.61	-5.2	1.5	38
-0.29	-0.51	3.37	1.4	-1	31.6
0.29	-0.14	3.35	-2.1	11.3	35.5
-0.36	-0.36	3.21	0.7	2.6	27.8
-0.5	0.06	3.38	1.3	9.1	35.1
0.1	-0.92	3.44	-0.3	-5.3	33.9
0.6	-0.26	3.51	4.3	-6.5	39.9
0.2	-0.55	3.3	1.7	-3.3	28.7
-0.76	0.55	3.45	-3.4	-11.1	40.4
1.06	0.04	3.37	3.3	-4.2	31.6
-1	0.4	3.39	-4	0.6	38.2
0.08	-0.06	3.29	-1.1	5.3	31.6
-0.64	0.05	3.42	-3.3	3.7	39
0.25	-0.86	3.48	-1	0.1	33.7
1.02	-0.26	3.45	4.4	4.1	37.8
-0.49	-0.14	3.07	0	7.2	31.8
0.64	-0.06	3.54	1.6	-7	36.1
-1.2	-0.3	3.39	0	-7.5	34.8
1.46	0.62	3.42	5.5	-6.1	37.3
-0.85	0.23	3.4	-6.3	-6.8	37
-0.2	-0.43	3.35	-1.5	3.3	34.5
-0.09	-0.75	3.15	-0.1	2.4	27.9
0.48	-0.25	3.39	2	5.3	35.8
-0.32	-0.53	3.34	0.8	18.2	25.9
-0.43	-0.15	3.26	-2.6	6.1	32.3
-0.26	-0.17	3.33	-0.8	5	32.2
-0.75	-0.04	3.43	-1.4	-2.3	39.3
1.27	-0.11	3.39	1.7	-10.2	34.6
-0.49	0.23	3.6	-2.1	-7.7	35.1
0.51	-0.17	3.69	2.2	-11.4	35.8
-0.64	0.26	3.39	-2.6	-1	39.8
0.29	-0.62	3.25	-0.4	-2.2	29.3
-0.07	0.09	3.41	-1.8	6.8	39.7
-0.26	-0.64	3.31	0.7	2.3	30.6
0.21	-0.51	3.3	3.4	6	33.5
0.18	-0.51	3.47	-1.7	6.2	36.4
-0.19	-0.45	3.39	5	5.7	34.6
0.47	0	3.28	-2	-7.9	34.4
-0.29	0.05	3.71	-1.2	-16.9	32.4
0.28	-0.1	3.48	3.4	-5.7	35.5
-0.11	0.29	3.29	-3	-0.8	40.8
0.07	-0.3	3.27	-0.3	3.6	29.4
-0.63	-0.03	3.41	-1.4	5.7	34
-0.41	-0.32	3.48	-2.9	5.2	37.3
-0.04	-0.87	3.36	0	0.9	31.8
1.03	0.09	3.41	3.7	4.4	37.3
-0.72	-0.21	3.36	-2	2.1	31.3
0.79	0.4	3.25	4.6	-2	40.3
-0.29	-0.29	3.41	-3.8	-5.4	32.1
0.33	-0.6	3.75	2.5	-12.1	34.4
-0.61	0.23	3.31	3.9	-11.7	37
0.42	-0.34	3.31	-5.3	4.9	31.7
0.1	-0.44	3.54	2.8	7.1	39
-0.38	-0.43	3.31	-3.8	6.9	33.9
0.56	-0.52	3.22	-0.3	3.9	28.9
-0.27	0.02	3.37	0.4	7	38.7
-0.24	-0.67	3.27	0.5	-2.7	30.3
0.51	0.4	3.33	2.1	-1	39.2
-0.73	-0.19	3.7	-3.2	-12.1	37.9
1.02	0.47	3.6	4.5	-6.8	35.9
-1.79	-0.07	3.36	-3.4	-12.2	32.8
0.69	-0.08	3.4	0.9	-1.5	39.5
0.34	-0.36	3.41	0.7	3.5	32.1
0.49	-0.15	3.24	2.6	6.8	32.2
0.35	-0.58	3.38	-0.4	18	25.8
-0.16	-0.54	3.35	-1	4.9	33.8
-0.13	-0.68	3.12	1.1	2.2	27.2
-0.06	0.14	3.28	0.6	4.3	39.6
1.05	0.24	3.47	5.3	-5.9	35.7
-1.56	0.56	3.46	-5.7	-5.5	38.5
1.18	-0.13	3.39	0.1	-9.1	34.1
-0.41	0.09	3.54	-0.9	-6.9	37.4
0.33	-0.17	3.11	0.4	6.3	32
-0.96	-0.23	3.41	-4.7	4.6	37.5
-0.13	-0.85	3.47	1.3	0.5	33.7
0.59	-0.06	3.43	3.7	2.9	39.1
-0.07	-0.15	3.32	1	4.9	32.5
1.02	0.31	3.42	3.2	0.8	37.2
-1.06	-0.01	3.34	-2.8	-3.8	31.3
0.83	0.33	3.48	4	-11.5	38.9
-0.25	-0.37	3.25	-1.4	-2.4	28.9
-0.83	-0.06	3.43	-4.2	-4.1	39.3
0.27	-0.85	3.46	-0.2	-5.6	34.3
0.08	-0.24	3.42	-1.3	13.7	33.1
0.38	-0.46	3.22	-0.3	4.2	27.7
-0.44	-0.2	3.38	0.8	10.3	35.3
0.06	-0.87	3.45	-2.6	0	32.4
0.96	-0.29	3.52	5.6	4.2	38.1
-0.44	-0.47	3.17	2.5	0.1	30.8
0.44	-0.24	3.66	3.9	-16.9	36.7
0.08	-0.8	3.18	1.3	-3.7	26.3
-0.9	0.2	3.55	-6.9	-1.6	42
0.06	-0.78	3.6	-0.3	-1	36.4
0.1	-0.61	3.28	-0.2	-0.3	31.3
0.3	-0.27	3.14	0.2	13.2	27
-0.96	-0.28	3.34	-4.7	7.6	35.3
0.25	-0.66	3.35	2.7	2.4	31.5
0.24	-0.28	3.42	2.2	8.9	33.3
-0.26	-0.99	3.28	-0.2	-3	32.6
0.65	0.11	3.5	2.4	-4	40.7
-0.21	-0.3	3.26	0	0.7	29.1
-0.72	0.71	3.29	-3.8	-4.6	43.7
0.76	-0.07	3.28	2.4	-3.7	31.8
-1.01	0.31	3.3	-4.4	-2.4	37.3
0.17	-0.3	3.26	-2.2	3.1	33
-0.57	-0.24	3.57	-1.5	7.3	38.8
0.07	-0.49	3.25	1.7	2.5	31.7
0.97	0.06	3.19	2.9	11.2	32.8
-0.28	-0.31	3.39	0	5.5	32.1
0.03	-0.39	3.43	1	-1.1	39.5
0.13	-0.83	3.21	-0.4	-2.6	30.3
-0.19	-0.31	3.47	-1.2	1.4	39.4
-0.36	-0.92	3.33	-0.7	-4.2	31.3
0.47	-0.11	3.22	4.3	-0.8	37.6
-0.2	-0.12	3.33	-2	8.2	34.5
0.3	-0.32	3.33	0.7	1.4	33
1.29	-0.59	2.2	10.4	35.9	5.6
-0.043527 -0.694431 3.587990 6.984449 11.577942 36.339144
0.347541 0.320348 3.617996 -4.340071 -13.704620 41.512963
0.061885 0.369214 3.180998 1.384326 3.028224 30.227085
-1.453890 -0.850037 3.447576 6.665923 -6.465089 33.482235
-0.104491 -0.850100 3.164052 4.894507 0.557459 29.746356
-1.417964 -0.144638 3.958310 -7.865562 -0.391594 37.543589
0.028391 0.189414 2.846042 5.289521 -0.802587 31.090756
0.504812 0.014117 3.787512 -3.551934 11.125854 41.036119
0.315195 0.251864 3.986489 -0.657276 9.523242 41.247746
0.283945 -1.210388 4.029004 0.620061 -0.897299 37.759913
0.281253 -0.104798 3.510495 0.674054 -8.051966 38.724409
0.034742 -0.125029 2.972158 -6.346600 9.590519 20.114583
-0.683906 0.313339 3.169520 2.682049 -4.940336 30.914822
-0.659082 0.321878 3.155193 4.916393 13.507163 20.063621
-0.331757 -0.132005 3.181027 -0.677862 6.078560 37.815818
0.307064 -0.383312 2.969647 -2.920569 15.687436 12.132185
-0.834211 -0.267202 3.580802 -2.576026 4.176636 28.760415
0.530448 -1.231577 3.078927 2.144509 -5.834041 36.267771
0.289090 -0.542268 3.650735 -0.289764 4.949962 37.585881
0.359763 0.652204 3.426323 8.775661 4.852451 37.014701
0.098293 -0.343530 2.702930 -2.507379 12.026079 5.854966
0.904484 -0.314080 3.447878 0.290326 3.485396 34.376888
0.084282 0.550801 2.743158 -1.569831 3.755461 12.585441
1.557815 -0.627975 3.497297 -2.801408 3.002784 32.618024
-0.364916 -0.356673 3.134664 3.112131 3.969158 34.621589
-0.161341 -0.546747 3.595079 0.660313 2.637712 37.901016
0.291284 -0.841929 3.606917 -0.195498 -1.736536 34.537020
-1.014208 -0.246161 2.971316 -1.662488 2.975723 35.530915
0.761424 0.961892 2.809049 2.194658 -6.651493 30.623226
-0.180863 -0.338700 3.294511 -3.497975 13.381598 36.764095
0.075280 -0.649258 3.265964 -4.077470 5.986209 34.370484
-0.657685 -0.979289 3.452558 -3.077475 6.005213 41.735003
0.383893 -1.129078 3.731493 4.425909 8.790790 35.295357
-0.500069 -0.909381 3.419827 -0.353330 -3.708241 32.091906
-0.289578 -0.490915 3.256617 -1.006999 4.214544 34.083820
-0.004929 -0.463548 3.437284 7.724880 -1.708127 34.482179
0.462063 -0.765322 3.446989 0.499275 1.848675 39.070295
-0.288090 0.408407 2.857271 -7.877240 6.657882 36.119477
0.938160 -0.039471 3.488113 5.727726 4.417229 33.056656
-0.570623 -1.038941 3.013489 -2.337286 4.721935 31.468710
-0.573444 -0.284741 3.107867 -6.254052 5.680349 34.970512
0.362732 -0.838869 4.333633 2.113326 6.824670 34.067516
-0.165424 0.673736 3.196566 -3.335004 -2.177995 39.983751
0.114075 0.009776 3.131629 0.977912 1.679890 28.861183
-0.674154 -0.458990 3.425145 -4.396437 5.054088 38.064008
-0.592279 -0.662865 3.368755 -7.431208 -5.494268 32.762195
0.535490 -0.599551 2.527029 0.632007 5.865693 33.138135
-0.128852 -0.974740 3.418153 -7.236219 3.958126 25.892380
0.638803 -0.028411 3.301509 -1.042469 10.135494 37.896475
1.471973 0.292373 3.443465 1.922676 5.052084 38.986363
1.057867 -0.378625 2.568411 1.754366 6.149940 27.453805
1.566776 1.268107 3.115457 0.152798 1.528355 46.912605
-0.043527 -0.694431 3.587990 6.984449 11.577942 36.339144
-0.737041 0.037872 3.017402 1.042581 -3.850177 33.581837
0.200067 -0.019776 3.329214 7.116087 -0.895599 40.771427
0.892670 -0.980985 2.682778 -4.399774 7.765040 -0.697328
-0.043527 -0.694431 3.587990 6.984449 11.577942 36.339144
-1.23	-1.84	2.02	11.8	-38.1	27.3
-0.68	-0.44	3.27	0.1	3.7	31.8
-0.66	-0.16	3.33	-1	10.1	32.6
-0.04	-0.63	3.34	-4.2	0.7	35.9
0.03	-0.83	3.14	2.4	3.2	28.5
-0.15	-0.49	3.52	-0.7	5.6	39.2
-0.09	-0.89	3.2	0.1	-0.3	30
0.03	-0.56	3.41	-0.7	3.7	36.9
0.15	-0.65	3.42	-0.4	7.6	31.4
-0.53	-0.28	3.13	-0.5	14.4	29.4
0.04	-0.53	3.21	-1.5	3	30.6
0.21	-0.77	3.6	0.7	7.3	37.3
0.12	-0.46	3.34	2.7	3.4	33.8
0.52	0.26	3.17	2.7	1.8	36.4
-0.37	-0.06	3.29	-1.2	-3.3	30.6
0.27	0.71	3.28	3.3	-2.5	43.2
0.43	-0.22	3.28	0	0.4	29.1
-0.6	0.13	3.46	-2.9	-4.5	40.4
0.21	-1.08	3.34	-0.1	-3.6	32.2
-0.05	-0.45	3.39	-2	11.2	31.4
-0.32	-0.6	3.34	-2.5	2.4	31.4
0.9	-0.45	3.35	4.2	7.8	35.4
-0.23	-0.5	3.18	0.6	14.8	25.3
0	-0.81	3.34	-0.6	-1.1	30.2
0.78	-0.35	3.39	5	3.8	36.1
-0.92	0.55	3.4	-2.2	-2.2	38.2
0.9	-0.2	3.33	-0.8	-11.6	32.4
-0.5	-0.4	3.49	-2.2	-7.8	33.2
0.36	-0.37	3.43	-2.2	-3.4	35.2
-0.59	-0.55	3.61	-5.2	1.5	38
-0.29	-0.51	3.37	1.4	-1	31.6
0.29	-0.14	3.35	-2.1	11.3	35.5
-0.36	-0.36	3.21	0.7	2.6	27.8
-0.5	0.06	3.38	1.3	9.1	35.1
0.1	-0.92	3.44	-0.3	-5.3	33.9
0.6	-0.26	3.51	4.3	-6.5	39.9
0.2	-0.55	3.3	1.7	-3.3	28.7
-0.76	0.55	3.45	-3.4	-11.1	40.4
1.06	0.04	3.37	3.3	-4.2	31.6
-1	0.4	3.39	-4	0.6	38.2
0.08	-0.06	3.29	-1.1	5.3	31.6
-0.64	0.05	3.42	-3.3	3.7	39
0.25	-0.86	3.48	-1	0.1	33.7
1.02	-0.26	3.45	4.4	4.1	37.8
-0.49	-0.14	3.07	0	7.2	31.8
0.64	-0.06	3.54	1.6	-7	36.1
-1.2	-0.3	3.39	0	-7.5	34.8
1.46	0.62	3.42	5.5	-6.1	37.3
-0.85	0.23	3.4	-6.3	-6.8	37
-0.2	-0.43	3.35	-1.5	3.3	34.5
-0.09	-0.75	3.15	-0.1	2.4	27.9
0.48	-0.25	3.39	2	5.3	35.8
-0.32	-0.53	3.34	0.8	18.2	25.9
-0.43	-0.15	3.26	-2.6	6.1	32.3
-0.26	-0.17	3.33	-0.8	5	32.2
-0.75	-0.04	3.43	-1.4	-2.3	39.3
1.27	-0.11	3.39	1.7	-10.2	34.6
-0.49	0.23	3.6	-2.1	-7.7	35.1
0.51	-0.17	3.69	2.2	-11.4	35.8
-0.64	0.26	3.39	-2.6	-1	39.8
0.29	-0.62	3.25	-0.4	-2.2	29.3
-0.07	0.09	3.41	-1.8	6.8	39.7
-0.26	-0.64	3.31	0.7	2.3	30.6
0.21	-0.51	3.3	3.4	6	33.5
0.18	-0.51	3.47	-1.7	6.2	36.4
-0.19	-0.45	3.39	5	5.7	34.6
0.47	0	3.28	-2	-7.9	34.4
-0.29	0.05	3.71	-1.2	-16.9	32.4
0.28	-0.1	3.48	3.4	-5.7	35.5
-0.11	0.29	3.29	-3	-0.8	40.8
0.07	-0.3	3.27	-0.3	3.6	29.4
-0.63	-0.03	3.41	-1.4	5.7	34
-0.41	-0.32	3.48	-2.9	5.2	37.3
-0.04	-0.87	3.36	0	0.9	31.8
1.03	0.09	3.41	3.7	4.4	37.3
-0.72	-0.21	3.36	-2	2.1	31.3
0.79	0.4	3.25	4.6	-2	40.3
-0.29	-0.29	3.41	-3.8	-5.4	32.1
0.33	-0.6	3.75	2.5	-12.1	34.4
-0.61	0.23	3.31	3.9	-11.7	37
0.42	-0.34	3.31	-5.3	4.9	31.7
0.1	-0.44	3.54	2.8	7.1	39
-0.38	-0.43	3.31	-3.8	6.9	33.9
0.56	-0.52	3.22	-0.3	3.9	28.9
-0.27	0.02	3.37	0.4	7	38.7
-0.24	-0.67	3.27	0.5	-2.7	30.3
0.51	0.4	3.33	2.1	-1	39.2
-0.73	-0.19	3.7	-3.2	-12.1	37.9
1.02	0.47	3.6	4.5	-6.8	35.9
-1.79	-0.07	3.36	-3.4	-12.2	32.8
0.69	-0.08	3.4	0.9	-1.5	39.5
0.34	-0.36	3.41	0.7	3.5	32.1
0.49	-0.15	3.24	2.6	6.8	32.2
0.35	-0.58	3.38	-0.4	18	25.8
-0.16	-0.54	3.35	-1	4.9	33.8
-0.13	-0.68	3.12	1.1	2.2	27.2
-0.06	0.14	3.28	0.6	4.3	39.6
1.05	0.24	3.47	5.3	-5.9	35.7
-1.56	0.56	3.46	-5.7	-5.5	38.5
1.18	-0.13	3.39	0.1	-9.1	34.1
-0.41	0.09	3.54	-0.9	-6.9	37.4
0.33	-0.17	3.11	0.4	6.3	32
-0.96	-0.23	3.41	-4.7	4.6	37.5
-0.13	-0.85	3.47	1.3	0.5	33.7
0.59	-0.06	3.43	3.7	2.9	39.1
-0.07	-0.15	3.32	1	4.9	32.5
1.02	0.31	3.42	3.2	0.8	37.2
-1.06	-0.01	3.34	-2.8	-3.8	31.3
0.83	0.33	3.48	4	-11.5	38.9
-0.25	-0.37	3.25	-1.4	-2.4	28.9
-0.83	-0.06	3.43	-4.2	-4.1	39.3
0.27	-0.85	3.46	-0.2	-5.6	34.3
0.08	-0.24	3.42	-1.3	13.7	33.1
0.38	-0.46	3.22	-0.3	4.2	27.7
-0.44	-0.2	3.38	0.8	10.3	35.3
0.06	-0.87	3.45	-2.6	0	32.4
0.96	-0.29	3.52	5.6	4.2	38.1
-0.44	-0.47	3.17	2.5	0.1	30.8
0.44	-0.24	3.66	3.9	-16.9	36.7
0.08	-0.8	3.18	1.3	-3.7	26.3
-0.9	0.2	3.55	-6.9	-1.6	42
0.06	-0.78	3.6	-0.3	-1	36.4
0.1	-0.61	3.28	-0.2	-0.3	31.3
0.3	-0.27	3.14	0.2	13.2	27
-0.96	-0.28	3.34	-4.7	7.6	35.3
0.25	-0.66	3.35	2.7	2.4	31.5
0.24	-0.28	3.42	2.2	8.9	33.3
-0.26	-0.99	3.28	-0.2	-3	32.6
0.65	0.11	3.5	2.4	-4	40.7
-0.21	-0.3	3.26	0	0.7	29.1
-0.72	0.71	3.29	-3.8	-4.6	43.7
0.76	-0.07	3.28	2.4	-3.7	31.8
-1.01	0.31	3.3	-4.4	-2.4	37.3
0.17	-0.3	3.26	-2.2	3.1	33
-0.57	-0.24	3.57	-1.5	7.3	38.8
0.07	-0.49	3.25	1.7	2.5	31.7
0.97	0.06	3.19	2.9	11.2	32.8
-0.28	-0.31	3.39	0	5.5	32.1
0.03	-0.39	3.43	1	-1.1	39.5
0.13	-0.83	3.21	-0.4	-2.6	30.3
-0.19	-0.31	3.47	-1.2	1.4	39.4
-0.36	-0.92	3.33	-0.7	-4.2	31.3
0.47	-0.11	3.22	4.3	-0.8	37.6
-0.2	-0.12	3.33	-2	8.2	34.5
0.3	-0.32	3.33	0.7	1.4	33
1.29	-0.59	2.2	10.4	35.9	5.6
-0.043527 -0.694431 3.587990 6.984449 11.577942 36.339144
0.061885 0.369214 3.180998 1.384326 3.028224 30.227085
-1.453890 -0.850037 3.447576 6.665923 -6.465089 33.482235
-0.104491 -0.850100 3.164052 4.894507 0.557459 29.746356
-1.417964 -0.144638 3.958310 -7.865562 -0.391594 37.543589
0.028391 0.189414 2.846042 5.289521 -0.802587 31.090756
0.504812 0.014117 3.787512 -3.551934 11.125854 41.036119
0.315195 0.251864 3.986489 -0.657276 9.523242 41.247746
0.283945 -1.210388 4.029004 0.620061 -0.897299 37.759913
0.281253 -0.104798 3.510495 0.674054 -8.051966 38.724409
0.034742 -0.125029 2.972158 -6.346600 9.590519 20.114583
-0.683906 0.313339 3.169520 2.682049 -4.940336 30.914822
-0.659082 0.321878 3.155193 4.916393 13.507163 20.063621
-0.331757 -0.132005 3.181027 -0.677862 6.078560 37.815818
0.307064 -0.383312 2.969647 -2.920569 15.687436 12.132185
-0.834211 -0.267202 3.580802 -2.576026 4.176636 28.760415
0.530448 -1.231577 3.078927 2.144509 -5.834041 36.267771
0.289090 -0.542268 3.650735 -0.289764 4.949962 37.585881
0.359763 0.652204 3.426323 8.775661 4.852451 37.014701
0.098293 -0.343530 2.702930 -2.507379 12.026079 5.854966
0.904484 -0.314080 3.447878 0.290326 3.485396 34.376888
0.084282 0.550801 2.743158 -1.569831 3.755461 12.585441
1.557815 -0.627975 3.497297 -2.801408 3.002784 32.618024
-0.364916 -0.356673 3.134664 3.112131 3.969158 34.621589
-0.161341 -0.546747 3.595079 0.660313 2.637712 37.901016
0.291284 -0.841929 3.606917 -0.195498 -1.736536 34.537020
-1.014208 -0.246161 2.971316 -1.662488 2.975723 35.530915
0.761424 0.961892 2.809049 2.194658 -6.651493 30.623226
-0.180863 -0.338700 3.294511 -3.497975 13.381598 36.764095
0.075280 -0.649258 3.265964 -4.077470 5.986209 34.370484
-0.657685 -0.979289 3.452558 -3.077475 6.005213 41.735003
0.383893 -1.129078 3.731493 4.425909 8.790790 35.295357
-0.500069 -0.909381 3.419827 -0.353330 -3.708241 32.091906
-0.289578 -0.490915 3.256617 -1.006999 4.214544 34.083820
-0.004929 -0.463548 3.437284 7.724880 -1.708127 34.482179
0.462063 -0.765322 3.446989 0.499275 1.848675 39.070295
-0.288090 0.408407 2.857271 -7.877240 6.657882 36.119477
0.938160 -0.039471 3.488113 5.727726 4.417229 33.056656
-0.570623 -1.038941 3.013489 -2.337286 4.721935 31.468710
-0.573444 -0.284741 3.107867 -6.254052 5.680349 34.970512
0.362732 -0.838869 4.333633 2.113326 6.824670 34.067516
-0.165424 0.673736 3.196566 -3.335004 -2.177995 39.983751
0.114075 0.009776 3.131629 0.977912 1.679890 28.861183
-0.674154 -0.458990 3.425145 -4.396437 5.054088 38.064008
-0.592279 -0.662865 3.368755 -7.431208 -5.494268 32.762195
0.535490 -0.599551 2.527029 0.632007 5.865693 33.138135
-0.128852 -0.974740 3.418153 -7.236219 3.958126 25.892380
0.638803 -0.028411 3.301509 -1.042469 10.135494 37.896475
1.471973 0.292373 3.443465 1.922676 5.052084 38.986363
1.057867 -0.378625 2.568411 1.754366 6.149940 27.453805
1.566776 1.268107 3.115457 0.152798 1.528355 46.912605
-0.043527 -0.694431 3.587990 6.984449 11.577942 36.339144
-0.737041 0.037872 3.017402 1.042581 -3.850177 33.581837
0.200067 -0.019776 3.329214 7.116087 -0.895599 40.771427
-0.165424 0.673736 3.196566 -3.335004 -2.177995 39.983751
0.114075 0.009776 3.131629 0.977912 1.679890 28.861183
